0.0005	51.4925537553172	0.0005057337782365839
0.001	51.40284614115444	-0.0035019034584119943
0.0015	51.31658778873498	0.006046398873652299
0.002	51.23065998113816	-0.00268116722623638
0.0025	51.1503119986337	0.023376052733130235
0.003	51.064190898479865	0.023020708533597938
0.0035	50.98781561290889	-0.013614502617189635
0.004	50.917697814422354	-0.087773863641785
0.0045000000000000005	50.84436893592829	-0.10911019884121136
0.005	50.778094523277105	-0.1220346161090591
0.0055	50.723953232522035	-0.06452264673729975
0.006	50.667113171264646	-0.06436117424307948
0.006500000000000001	50.60614970521783	-0.0834194565154766
0.007	50.54504004518458	-0.05232042010240434
0.0075	50.49453066592105	-0.054651915174415276
0.008	50.44239508604551	-0.16485230460421463
0.0085	50.39190567052901	-0.22574428016179177
0.009000000000000001	50.33340464671892	-0.2929799141609819
0.0095	50.284998291968805	-0.26646067734084405
0.01	50.23646452881803	-0.22205307238912525
0.0105	50.20400489070016	-0.2194523641781826
0.011	50.14988005224586	-0.22336689311509386
0.0115	50.11427541279954	-0.2216304486476523
0.012	50.06568963952486	-0.14583366006898602
0.0125	50.01956114562381	-0.1601690312118371
0.013000000000000001	49.979471903869126	-0.22488306393146038
0.0135	49.945157673102585	-0.18955813329867394
0.014	49.8982377848115	-0.215686315565564
0.0145	49.867300207513836	-0.17391389466918558
0.015	49.84616466095213	-0.1514361715083076
0.0155	49.81218628192619	-0.32090468803978334
0.016	49.787488022198886	-0.33670683312529043
0.0165	49.76436585479314	-0.33811261196265857
0.017	49.732147399881796	-0.27122692493247264
0.0175	49.70243041461072	-0.5170394483674619
0.018000000000000002	49.678688600828536	-0.6437576972570915
0.0185	49.65461865600082	-0.357085103516319
0.019	49.640364285318356	-0.47121089623807044
0.0195	49.6202673677908	-0.48497570635865395
0.02	49.59874160184518	-0.34080708064147947
0.0205	49.58526522855209	-0.18985453830962168
0.021	49.562513447706806	-0.2962682282149696
0.021500000000000002	49.55576232168096	-0.19200817325180394
0.022	49.54189149908052	-0.20513453750369068
0.0225	49.52750114585433	-0.5155041822034729
0.023	49.498956928664484	-0.6175652504831687
0.0235	49.47460409024643	-0.507048167481523
0.024	49.45515235498897	-0.5966975792137098
0.0245	49.428826784574994	-0.48674965914476964
0.025	49.40889331985818	-0.7226449912670211
0.025500000000000002	49.39096610388333	-0.6607658032745358
0.026000000000000002	49.37717557682117	-0.644560039278467
0.0265	49.35316053585484	-0.478916412324277
0.027	49.344236135939354	-0.4686732661532718
0.0275	49.32416294579707	-0.5934001682581679
0.028	49.312195095026254	-0.737274636187181
0.0285	49.30193643009261	-0.7089411477208337
0.029	49.282386340051744	-0.6251660537400406
0.029500000000000002	49.26085766813958	-0.7020688332071168
0.03	49.25361346862155	-0.471061465526172
0.0305	49.241712270082644	-0.4921266896359988
0.031	49.23282274831399	-0.4072586010064636
0.0315	49.222025112288975	-0.5858611270286433
0.032	49.22073380249094	-0.6753006766510552
0.0325	49.20941349198256	-0.4522036942300425
0.033	49.19332099826897	-0.8211778119077058
0.0335	49.188398417865756	-0.5935208250481924
0.034	49.17866127490561	-0.2662394994265604
0.0345	49.16225854531149	-0.36503739399332963
0.035	49.156847655822276	-0.3190988033568698
0.035500000000000004	49.14963903440912	-0.26450475044535865
0.036000000000000004	49.14880618928146	-0.062136611001138514
0.0365	49.13461692279452	-0.01143669009830804
0.037	49.133480388358294	-0.36837119696378107
0.0375	49.130248438617855	-0.17182085351931387
0.038	49.122750364782405	-0.18332679335359853
0.0385	49.111378753206736	-0.35092068807840127
0.039	49.089120136042766	-0.42079814531216364
0.0395	49.082292834869804	-0.6311038935544164
0.04	49.07150530358558	-0.6587777123820624
0.0405	49.07641565644553	-0.6948401397595624
0.041	49.07730810045723	-0.6873206212225198
0.0415	49.07044255844448	-0.4088160478891036
0.042	49.06132637200244	-0.4801778986175593
0.0425	49.04875367279601	-0.42933757155514596
0.043000000000000003	49.03183018395248	-0.14353657477494425
0.043500000000000004	49.029371002092375	-0.24027638675196858
0.044	49.01995390895718	-0.4667339837794308
0.0445	49.00995542522833	-0.361674553358375
0.045	48.99475489637916	-0.3830905096337701
0.0455	48.969068938922646	-0.4135529250506021
0.046	48.954685290171255	-0.5337285955750847
0.0465	48.947879743920566	-0.47376757853964424
0.047	48.94137517517993	-0.801431287929305
0.0475	48.94302746318863	-1.041867209873832
0.048	48.932193619095415	-0.8941939372462732
0.0485	48.92423102246721	-0.8958760541996211
0.049	48.934111768347066	-0.8938293176624311
0.0495	48.92320751635816	-0.7463703347467876
0.05	48.91208971065316	-0.9257372099042296
0.0505	48.89174415121488	-0.6144194466138362
0.051000000000000004	48.88366280984155	-0.44778315127751
0.051500000000000004	48.88377872347337	-0.2688214391117498
0.052000000000000005	48.882848608427594	-0.41160239540267596
0.0525	48.88851815225826	-0.15348872497471674
0.053	48.886229053161514	-0.10494419070689705
0.0535	48.88198596480834	-0.06960052699971817
0.054	48.878954600053476	-0.0027596513244335704
0.0545	48.88121912747738	0.19424011720983914
0.055	48.87330916356768	0.13303697612337667
0.0555	48.84733817814231	0.10223646442508652
0.056	48.83822797225548	0.1535417529407065
0.0565	48.841970714362105	0.2555721028259895
0.057	48.8342794648961	0.441662950877864
0.0575	48.8191628137738	0.07727847383272926
0.058	48.82477245301561	0.13135473886130028
0.0585	48.82316238812382	-0.08763692413227692
0.059000000000000004	48.8181152325069	-0.29723213389101455
0.059500000000000004	48.82534372666305	-0.16310660015708614
0.06	48.823894174527595	-0.08047058655146858
0.0605	48.83676089333494	0.1811817494066998
0.061	48.83832388138035	0.19386399627876091
0.0615	48.8356670637495	0.03181890749013859
0.062	48.82832327404867	0.0323783166282887
0.0625	48.828092026020386	0.41176999824177696
0.063	48.827211235508	0.5631147364439555
0.0635	48.818237505893194	0.5990998026244017
0.064	48.82030591995317	0.5511720909839998
0.0645	48.81835113003217	0.5093353154614084
0.065	48.806549005992565	0.39727174009093374
0.0655	48.79579074657158	0.1244593349481202
0.066	48.79732984708062	0.1837846626742566
0.0665	48.797630253662646	0.06701411644822684
0.067	48.797427595483896	0.12908378422106337
0.0675	48.80094864000421	0.5686205568100161
0.068	48.813741805824975	0.5326732110909191
0.0685	48.80316651424255	0.5602855755491145
0.069	48.80288076061515	0.5294697036440867
0.0695	48.80441553696437	0.3704484278521555
0.07	48.80923467373759	0.2860619374239311
0.07050000000000001	48.818564663117286	0.17440733232928032
0.07100000000000001	48.81527756064315	0.17982674437327886
0.07150000000000001	48.81742555609162	0.09969206905237138
0.07200000000000001	48.801919912209996	0.04201002926349625
0.0725	48.8006066277303	-0.09122116975811025
0.073	48.80349487994681	-0.223698710943116
0.0735	48.80746584528242	-0.10079221631002785
0.074	48.81501152625606	0.05458553511454205
0.0745	48.798519653186304	-0.16284809453777035
0.075	48.79170048924425	-0.10422512816271987
0.0755	48.772995177847406	-0.033599991517913624
0.076	48.7737142386286	-0.0725060533615592
0.0765	48.77816647000145	-0.4850648983381773
0.077	48.77926595275494	-0.5010227952225217
0.0775	48.76717040533185	-0.17584327401061933
0.078	48.769598932294684	-0.1041732479522509
0.0785	48.77462335502241	-0.20024448525301194
0.079	48.778332626727206	-0.5709079565926628
0.0795	48.782244553865894	-0.2791126124070817
0.08	48.78618098100378	-0.04691314679763202
0.0805	48.806413118492856	-0.14137179087233012
0.081	48.80802590683561	-0.21084409681690983
0.0815	48.80915965827444	-0.6102274397594991
0.082	48.79888458467212	-0.603704851827768
0.0825	48.815971961383184	-0.5936471464176802
0.083	48.79418910662025	-0.2263351792585034
0.0835	48.808246263119145	-0.28096388189284127
0.084	48.80237996584583	-0.3562042498837681
0.0845	48.77466173180255	-0.6954114030798556
0.085	48.786527342886984	-0.5930845938832333
0.0855	48.77656690794902	-0.43500060159328857
0.08600000000000001	48.78157484876465	-0.5584030579523477
0.08650000000000001	48.78221112171195	-0.21404552572260266
0.08700000000000001	48.788010730311726	-0.1104580949189628
0.08750000000000001	48.78330232857115	0.06877900229562241
0.088	48.776585155419525	-0.11865327525556053
0.0885	48.77938470722984	-0.46592337626354363
0.089	48.78029362362395	-0.31672390321555993
0.0895	48.781581638182615	0.056337127246284695
0.09	48.79171025296455	0.23796719882761863
0.0905	48.79168628779007	0.13027404806393744
0.091	48.79241227603961	0.21880531133656209
0.0915	48.78710127824888	0.7646060214288726
0.092	48.78758967318208	0.2937472846107432
0.0925	48.76898421549413	0.42270793820506225
0.093	48.762469215942474	0.049910735686738567
0.0935	48.76066537650695	-0.025665676102587638
0.094	48.76023595919651	0.4178412611119855
0.0945	48.75047685247955	0.7205489029947603
0.095	48.75243497160409	0.838296422251804
0.0955	48.74118370598626	0.9212221558438116
0.096	48.73533802709062	0.7433604057572651
0.0965	48.75400622273264	0.42085488518148007
0.097	48.75761953912661	0.021182470773412097
0.0975	48.76604824282731	0.23585467622045328
0.098	48.76464957977987	0.04349745942627012
0.0985	48.758052792625676	0.08484606541842012
0.099	48.77567323774747	0.0926038611344209
0.0995	48.772175290479936	0.14945187059268034
0.1	48.7783962780959	0.25508965632195646
0.1005	48.78196695235965	-0.14438631274406868
0.101	48.786685534285425	-0.10265566589695799
0.1015	48.77766635184162	-0.07369012474223491
0.10200000000000001	48.7824132502501	-0.014531927417757445
0.10250000000000001	48.76793512940094	0.2653315951660717
0.10300000000000001	48.77035261412857	0.21656119361192128
0.10350000000000001	48.77396771659187	-0.017241079054224635
0.10400000000000001	48.773075535651515	0.09194225581787994
0.1045	48.77845767017243	0.054734951041915406
0.105	48.782275577819746	0.43457906741478763
0.1055	48.7718280450099	0.35824331800102044
0.106	48.75624005683494	0.3771716076657445
0.1065	48.74708358061616	0.6631214353522468
0.107	48.75121785221927	0.6160143814452063
0.1075	48.744713655371015	0.7017156067186658
0.108	48.74222057666884	0.884661586191514
0.1085	48.75443120025011	1.0182810976673973
0.109	48.75383425873224	1.02616818609321
0.1095	48.755624655739666	0.7885245854005392
0.11	48.762678205253906	0.40478121024683206
0.1105	48.742653806741146	0.5431461636513324
0.111	48.72862697344681	0.5108375053755445
0.1115	48.71259856661345	0.1683497258924272
0.112	48.71957993237447	0.17995734820608406
0.1125	48.7157706083417	0.006730439614291211
0.113	48.70370385593378	0.062130245731626274
0.1135	48.679869372681424	0.19228856828687332
0.114	48.67895283274629	0.361438038157349
0.1145	48.68550216710719	0.17890832520814756
0.115	48.688946466034395	0.3458636051130545
0.1155	48.67816912608578	0.5053764635250592
0.116	48.67743654757942	0.2805281635221206
0.1165	48.66790272645085	0.341662710338254
0.117	48.663520711734236	0.4505030441988522
0.11750000000000001	48.67253118490589	0.40159108071965455
0.11800000000000001	48.67518962649774	0.656525800607299
0.11850000000000001	48.685997068763754	0.6714550085644777
0.11900000000000001	48.69575943866221	0.6172466457885236
0.11950000000000001	48.69899499863641	0.674666638447167
0.12	48.69881608657852	0.6684044359069888
0.1205	48.71239364203393	-0.021012192094197076
0.121	48.71052843505822	0.16214467162811444
0.1215	48.71860848512915	0.10194166657209089
0.122	48.72328214072331	0.18612852500082205
0.1225	48.70927072733866	-0.0006290938479884935
0.123	48.72337349443842	-0.02216724516629697
0.1235	48.73138095284412	0.18904015923737258
0.124	48.728889577945665	0.36794680656338735
0.1245	48.73571556315801	0.5156240626218962
0.125	48.74380978042791	0.67681925860254
0.1255	48.747531758799596	1.1669877943140772
0.126	48.75528020655656	1.1717825622077698
0.1265	48.74592990785459	1.04007359175129
0.127	48.741351527402	0.6467892983079951
0.1275	48.73371948200656	0.6059425448485882
0.128	48.74801849309006	0.5243295946197564
0.1285	48.755860244964424	0.6680114954737593
0.129	48.7611093887117	0.7562139103140332
0.1295	48.739103148715	0.6438831531413504
0.13	48.75087782246737	0.5570432248111925
0.1305	48.73964652736686	0.7674020511898436
0.131	48.74449928977447	0.8438857900529146
0.1315	48.740319840611846	0.6516008815584672
0.132	48.742114799788396	0.808223673150615
0.1325	48.74161305379312	0.9835324871625786
0.133	48.72800809263754	0.7248330909145602
0.1335	48.73999940312751	0.7898807507837518
0.134	48.747955065167844	0.5167004781391605
0.1345	48.74192177213445	0.5586747852332712
0.135	48.75071431104334	0.5667432510549478
0.1355	48.75604441873293	0.17652808229475672
0.136	48.75211194925032	0.029805750463492625
0.1365	48.75449135713279	-0.04174127753193163
0.137	48.750309396016746	-0.0737483194929061
0.1375	48.74859954335079	-0.16378135662493437
0.138	48.72675435735255	-0.19083625783217475
0.1385	48.73742388995197	0.03465338482062703
0.139	48.7352623629522	-0.2784419372372574
0.1395	48.74506724836101	-0.6361231173953361
0.14	48.74480716865946	-0.583564685984707
0.1405	48.71818659004566	-0.936173403725714
0.14100000000000001	48.721827822917476	-0.9127009609012579
0.14150000000000001	48.71543033662965	-0.9299400483774326
0.14200000000000002	48.7168944226396	-1.0506879018766362
0.14250000000000002	48.70032998476745	-0.9810145559145755
0.14300000000000002	48.69895281805475	-0.8460861148410688
0.14350000000000002	48.69875845912247	-0.8802635252854778
0.14400000000000002	48.71075165424736	-0.951703320117936
0.1445	48.703188109171606	-1.028717466187488
0.145	48.70841460468364	-0.7258512247386377
0.1455	48.717133371590535	-0.6743083669370795
0.146	48.7090308306706	-0.7370162776582853
0.1465	48.70137140578299	-0.968402237629801
0.147	48.696425319154514	-1.0282388657859962
0.1475	48.707689266137095	-0.9647467720994232
0.148	48.70161976826785	-1.019754028342914
0.1485	48.68925520463017	-1.0923687134728872
0.149	48.66942097170249	-0.7562752528258426
0.1495	48.674950542226725	-0.8279113612558666
0.15	48.68721891412861	-0.9947767340802932
0.1505	48.692504370241295	-0.3670791897572919
0.151	48.68639911216269	-0.03662378479308255
0.1515	48.69719175296086	-0.09242756659752613
0.152	48.70036304552377	0.06966729203938558
0.1525	48.70861256799071	-0.16715630239051213
0.153	48.707151818689454	-0.13025415591184844
0.1535	48.69257380891395	-0.11536138105140283
0.154	48.68021162530931	-0.39165482762148784
0.1545	48.678036448813145	-0.5413526777640708
0.155	48.673285468472386	-0.8279213959914883
0.1555	48.66790464360565	-0.5233276871557204
0.156	48.68000991062945	-0.5329205456829305
0.1565	48.693476404994726	-0.3063427684491615
0.157	48.669652154974756	-0.16661236805682877
0.1575	48.65683053637986	-0.1827658226530816
0.158	48.6703751014993	-0.08508706511451512
0.1585	48.65801833700243	0.06471968698160052
0.159	48.658714188830345	0.06254601411872573
0.1595	48.64814355842282	0.6791972542569847
0.16	48.64248480749302	0.72884869938661
0.1605	48.64669555072578	0.831889580398951
0.161	48.66586128227755	0.8553736140317723
0.1615	48.67859391291495	0.5782059848077524
0.162	48.66821101926689	0.673279335717357
0.1625	48.6688899622568	0.5543005679744695
0.163	48.65565770147259	0.5241686835316054
0.1635	48.66142762248637	0.5917405193810369
0.164	48.66165740742508	0.3582298857698587
0.1645	48.680849596066764	0.22055459808520414
0.165	48.67540158374868	0.13995740631225656
0.1655	48.66943483638897	0.31393932188609436
0.166	48.67887429572875	0.363034280360257
0.1665	48.68664362524578	0.43053679091109087
0.167	48.68108961471444	0.4723227383586903
0.1675	48.69112378021964	0.434685192490117
0.168	48.69225979809562	0.4938801906312262
0.1685	48.682475271371004	0.7024924622260411
0.169	48.68137531519096	0.9211829799338993
0.1695	48.69449531904502	0.856968922510988
0.17	48.696194518211996	0.7389287502810714
0.1705	48.68682071427975	0.413645740198981
0.171	48.68134262446256	0.3733213760320295
0.1715	48.681432879922795	0.2800235890455262
0.17200000000000001	48.68877378182515	-0.004489723713275241
0.17250000000000001	48.708881765955084	-0.011010437822727419
0.17300000000000001	48.698921473285736	-0.07903658938809043
0.17350000000000002	48.716380606985695	-0.16825377862389307
0.17400000000000002	48.70504650073053	-0.25982646020670014
0.17450000000000002	48.717623074340736	-0.19827391068521727
0.17500000000000002	48.7479597690708	-0.3086361457878068
0.17550000000000002	48.72369224355316	-0.30727454353503153
0.176	48.72914783932356	-0.5710564550469397
0.1765	48.732488660090894	-0.13397763517404998
0.177	48.74174029690039	-0.26820602288538326
0.1775	48.74858839319859	-0.24455548987990552
0.178	48.745001029114064	-0.18374816425723292
0.1785	48.7391260810291	-0.15969390555361007
0.179	48.74935694371379	-0.33223053469319086
0.1795	48.74861929815415	-0.2291785185767552
0.18	48.7356503253377	-0.2072937716001429
0.1805	48.74864705722939	0.04706602794140252
0.181	48.73802009614701	0.14303620518663487
0.1815	48.74669502140023	0.055822339258006816
0.182	48.73920838537015	0.12476290776706307
0.1825	48.7316067929296	0.20239695553868586
0.183	48.73543223687557	0.4790382845745408
0.1835	48.73694208678171	0.6442806286111243
0.184	48.728105050695376	0.3175928815468766
0.1845	48.71476509352033	0.4567734186512867
0.185	48.7207340900095	0.5486981023179673
0.1855	48.71461604641809	0.6373206944586864
0.186	48.704153422302625	0.5191978332250821
0.1865	48.69981405386352	0.4082550286171845
0.187	48.67863725463576	0.6675789592123401
0.1875	48.682803069455986	0.45468609560561707
0.188	48.67474511807268	0.4308722669635685
0.1885	48.66787754327743	0.11581544216877643
0.189	48.66715253670918	-0.10676886570658602
0.1895	48.65463546198953	-0.39281154147859276
0.19	48.639305492655694	-0.418548946898268
0.1905	48.63802788852445	-0.7721959645988725
0.191	48.62780588385249	-1.1053361102688373
0.1915	48.62523303897615	-1.058602711520345
0.192	48.64189201233603	-0.8309016338684058
0.1925	48.642181099068694	-0.6636316647197276
0.193	48.6517618000089	-0.5170820462743762
0.1935	48.65233494079803	-0.3577534655754161
0.194	48.64911804377516	-0.4071715675728253
0.1945	48.636633705082204	-0.1352003314094548
0.195	48.628210655182556	-0.14246454425197005
0.1955	48.62121105344886	-0.2374661553522167
0.196	48.60608748568666	-0.46259473272586443
0.1965	48.61547653499838	-0.5619939333434144
0.197	48.63665299481181	-0.3713286046731883
0.1975	48.654392952597846	-0.4187319742076357
0.198	48.66631778931878	-0.40977687685964514
0.1985	48.6706536796537	-0.7248104848659418
0.199	48.674908918274014	-0.8441935984821846
0.1995	48.68331335194307	-0.7357128236637481
0.2	48.684068729262435	-0.7610669608292095
0.2005	48.676006865889576	-0.527564004809421
0.201	48.684957053174	-0.18969945909921357
0.2015	48.68924409504143	-0.5489534386280667
0.202	48.69834739240832	-0.42496275058599464
0.2025	48.71015098459975	-0.28998465359420333
0.203	48.69266157963466	-0.4260342387277926
0.20350000000000001	48.69344355531575	-0.660251315378639
0.20400000000000001	48.70141500837235	-0.6732237970105577
0.20450000000000002	48.692009383203185	-0.4990411721396316
0.20500000000000002	48.686410127425916	-0.2790109969297828
0.20550000000000002	48.687439504861686	-0.348086140739559
0.20600000000000002	48.70451600836168	-0.1847676246088047
0.20650000000000002	48.709390657006225	0.1869776250330662
0.20700000000000002	48.696129919511804	0.17007032075782788
0.20750000000000002	48.71305410723653	0.042382830165772226
0.20800000000000002	48.717815512291054	0.033472162638433126
0.2085	48.72258856736153	0.1769469464160934
0.209	48.72736478695333	0.16333005481372606
0.2095	48.734693020285704	0.18605272282747234
0.21	48.74514118667139	0.23522804115862658
0.2105	48.741944520943434	0.6277768520790641
0.211	48.74962502116978	0.4927105361617728
0.2115	48.74581237545681	0.5386367996768293
0.212	48.751700845594314	0.5196128971552838
0.2125	48.73869987923172	0.40990684416562895
0.213	48.72565250765365	0.28323568402080657
0.2135	48.73126849092296	0.14139115455230694
0.214	48.70800445022178	0.5670594986204444
0.2145	48.71005687492834	0.7141209709888904
0.215	48.70073609696374	0.4638984735212037
0.2155	48.654338990214455	0.6749571831679101
0.216	48.66417744800128	0.5216845051036116
0.2165	48.685310664508506	0.5261839704133928
0.217	48.689271079509126	0.769409054110105
0.2175	48.69567890060716	0.6973797292995298
0.218	48.68271780134819	0.5634501842504998
0.2185	48.68793108934733	0.33984099678860835
0.219	48.69195617290097	0.5683166764099136
0.2195	48.7006430284182	0.61354280602046
0.22	48.70339267534473	0.2947910458950056
0.2205	48.698295642443554	0.037478221795892316
0.221	48.71252614760306	0.2414158303673192
0.2215	48.71114091597883	0.44606612125095096
0.222	48.70273886793257	0.3469280542657988
0.2225	48.68530774667124	0.14374827051784983
0.223	48.68941246411305	-0.0033854759859658773
0.2235	48.71717111862199	0.1753699412092628
0.224	48.71245821836601	0.18822565755980997
0.2245	48.71313179986282	0.4405319249262909
0.225	48.71285606462516	0.3816484449395309
0.2255	48.721821856323004	0.5246283200747035
0.226	48.71913799495633	0.3479116950212658
0.2265	48.72467274607516	0.2513225325388395
0.227	48.72928275415143	0.03874120014405614
0.2275	48.73647469885509	-0.18886002036006727
0.228	48.73446973240425	-0.16936649013867944
0.2285	48.7393279868229	-0.26437063194480265
0.229	48.75892714188012	-0.21418511003889512
0.2295	48.764428016724196	-0.3064770264394315
0.23	48.745410428062314	-0.33012292485910993
0.2305	48.72732500107486	-0.5608392423821816
0.231	48.73036840779605	-0.5806820601933069
0.2315	48.722716143947764	-0.6482530295911136
0.232	48.719111698754205	-0.7264096665251931
0.2325	48.71854412299217	-0.8585833152276919
0.233	48.73157225666728	-0.9818390334828487
0.2335	48.72835489904719	-0.8086629079184224
0.234	48.73845654408797	-0.744482274272966
0.23450000000000001	48.739841798480484	-0.988116270407153
0.23500000000000001	48.732358102772196	-1.0660367453065336
0.23550000000000001	48.73028065476865	-1.023193965271418
0.23600000000000002	48.7228136221529	-0.9433488964492794
0.23650000000000002	48.72115818103521	-0.621390430940349
0.23700000000000002	48.722527028985496	-0.43550415543882226
0.23750000000000002	48.73145966243828	-0.3936320647285341
0.23800000000000002	48.743812973341846	-0.3956615237052924
0.23850000000000002	48.73667834093976	-0.2878045358186091
0.23900000000000002	48.737825892241744	-0.22838190457667834
0.23950000000000002	48.73504969980786	-0.1765732489314585
0.24	48.728778296117525	-0.5736876580100924
0.2405	48.73891901609022	-0.496062756167626
0.241	48.74387491129892	-0.5390562570922784
0.2415	48.75521776993628	-0.4456288449026236
0.242	48.74780284595545	-0.4139628451018542
0.2425	48.737494393091765	-0.486428150288511
0.243	48.72937877952609	-0.48970592294394005
0.2435	48.726074960808546	-0.36257486866023414
0.244	48.726522603737976	-0.27479688186763873
0.2445	48.73275635389473	-0.27947730619923017
0.245	48.73875046005196	-0.601661265746432
0.2455	48.725531065718314	-0.4826748390102503
0.246	48.72668678698028	-0.513699679777217
0.2465	48.732005638123155	-0.04251661968962535
0.247	48.739836131655466	-0.12178624541198863
0.2475	48.74325498102917	-0.057649717012871936
0.248	48.73387138493672	-0.1889138472455883
0.2485	48.727307772049244	-0.15837943647231886
0.249	48.74409187132187	-0.26239390325712786
0.2495	48.74392548830656	-0.4266700158954572
0.25	48.75533056538552	-0.12495640326486075
0.2505	48.75073003376383	0.20588179770291087
0.251	48.74709438871287	-0.005114600307414341
0.2515	48.74239110553026	0.03009860014637019
0.252	48.74915323411733	0.1677854979732131
0.2525	48.75929107972843	0.454923160469504
0.253	48.75252547477976	0.33519591976249086
0.2535	48.76034109804459	0.29188640760340623
0.254	48.78828350938056	0.3910611114486097
0.2545	48.807857758791215	0.4106565485734232
0.255	48.818071115094426	0.5280753213007102
0.2555	48.81850807613591	0.7801779961395354
0.256	48.79515636225915	0.6272294253279858
0.2565	48.804518869885214	0.7046687785992751
0.257	48.79514449100316	0.41219836967147083
0.2575	48.796487164439895	0.2978886883246132
0.258	48.80000525440846	0.45903487794268416
0.2585	48.79597949737217	0.4860294599699213
0.259	48.805040951299816	0.32748466477778154
0.2595	48.80636041124126	0.3502152159204365
0.26	48.8007789921503	0.25655534356319293
0.2605	48.78886846538262	0.19688156645425692
0.261	48.80199045979498	0.23724405012664224
0.2615	48.789158135123216	0.16935395041334836
0.262	48.793157383111975	0.1773484212876811
0.2625	48.792997701686545	0.590663112230765
0.263	48.78206407871403	0.5524855182753068
0.2635	48.785079500592474	0.8204282175871951
0.264	48.77650137526871	1.004367866633286
0.2645	48.774558901910495	0.9603825925116946
0.265	48.7575364695349	1.0263741062233944
0.2655	48.76571551133202	0.8098933808097004
0.266	48.76148161709534	0.8076514421228496
0.2665	48.74995151031544	0.49891920475951107
0.267	48.75888645319537	0.45030527184467467
0.2675	48.78468386247914	0.6753651502402281
0.268	48.778709904199786	0.577749184350895
0.2685	48.788620271514446	0.40112156228841517
0.269	48.78380810652743	0.2514080286487149
0.2695	48.784146311905715	0.09825097856814022
0.27	48.76585558329862	-0.13370577990429924
0.2705	48.74852395832568	-0.15363331991985127
0.271	48.73677837000287	-0.11753565613254366
0.2715	48.75071746234789	-0.10900884987172695
0.272	48.77309035016151	-0.37808506056989855
0.2725	48.76708603563566	-0.41301044939280407
0.273	48.772133631087854	-0.16944317743394333
0.2735	48.77400185586339	-0.3130885182191704
0.274	48.77926239095541	-0.3409700066867681
0.2745	48.77040751647655	-0.09957663199391059
0.275	48.75719596427007	-0.1624414628631223
0.2755	48.7731261326735	0.17891322554922443
0.276	48.78625577364983	0.15494453703630146
0.2765	48.78694795733645	0.24967891278205995
0.277	48.78713103100199	0.1230385795786403
0.2775	48.790327892400455	-0.0024496415982008008
0.278	48.805492731771665	-0.3521759483106737
0.2785	48.80828819387898	-0.42956163853075785
0.279	48.79867792166806	-0.1489767731581533
0.2795	48.791641205649285	0.05729404075253863
0.28	48.77736131208985	-0.2742463521590832
0.2805	48.77961740930186	-0.11454320908434475
0.281	48.78473810202195	-0.001705653842189226
0.28150000000000003	48.800113969638915	0.027533622265220496
0.28200000000000003	48.79177858388903	-0.07258412479624064
0.28250000000000003	48.774656807530846	-0.27379395698751025
0.28300000000000003	48.78376937359462	-0.0030976228367219005
0.28350000000000003	48.79998569624331	0.0722785618743458
0.28400000000000003	48.79680478699447	-0.024177651030460635
0.28450000000000003	48.77073114295672	0.0882156967683197
0.28500000000000003	48.7571222077604	0.2024311538950572
0.28550000000000003	48.75528135581044	0.2530810855657399
0.28600000000000003	48.75106918597157	0.40396438194707907
0.28650000000000003	48.75179971641228	0.5614799859891024
0.28700000000000003	48.75583182817172	0.7266949961547547
0.28750000000000003	48.764054284027225	0.6123264157441336
0.28800000000000003	48.77423754731717	0.7976532906801125
0.2885	48.757332324739764	0.7530511922835955
0.289	48.75670286544846	0.4988649049838316
0.2895	48.759770029206265	0.7503245869499462
0.29	48.76506083354252	0.5251470366644341
0.2905	48.7746400540218	0.28689601633545286
0.291	48.771963173432596	0.14595787245254338
0.2915	48.770198913638524	0.2665305222262789
0.292	48.77747937392087	0.27665100856642766
0.2925	48.772255785959715	0.26371777738343094
0.293	48.76963040498231	0.13863345483694564
0.2935	48.75486254620773	-0.05934547943007016
0.294	48.73973021344318	-0.41147604964756224
0.2945	48.74514940782319	-0.34437696634367165
0.295	48.72405237437124	-0.002171675601847743
0.2955	48.71346970018567	-0.02164910061984325
0.296	48.71208329778892	0.21152859691133924
0.2965	48.70522824979162	0.3407035310710573
0.297	48.70083035949756	0.41766967509640546
0.2975	48.70449339174411	0.41962101758024895
0.298	48.718336232286674	0.14855304660987245
0.2985	48.71968331250355	0.41270746629726446
0.299	48.69743015869608	0.6225214211841578
0.2995	48.69352524147871	0.5003912021343725
0.3	48.681797137269314	0.710087288475473
0.3005	48.663291539760394	0.3282239147876552
0.301	48.67040781975811	0.3845176911945426
0.3015	48.66155928311127	0.2822236327311049
0.302	48.6697961767004	0.30375950861436796
0.3025	48.67449216828027	0.3649779357211607
0.303	48.683623620077924	0.34009943099920475
0.3035	48.675110795087676	0.33231445480560656
0.304	48.67484464721747	0.4092918333337943
0.3045	48.66547787925265	0.43360122922909317
0.305	48.65345854626321	0.40905675902591626
0.3055	48.665289944867254	0.7107264879910086
0.306	48.66535522281811	0.5828269784552693
0.3065	48.68150834741027	0.5392116602157152
0.307	48.69261023322906	0.6159001498634533
0.3075	48.68931181517655	0.4721511313427648
0.308	48.69882228546703	0.4627463276936301
0.3085	48.69947315973877	0.2289926980540423
0.309	48.70829759951812	0.33344319612576007
0.3095	48.702805956570955	0.45764855165207063
0.31	48.69910129238815	0.28050517023036786
0.3105	48.71023615986269	0.199774105139856
0.311	48.71214723042249	0.14888516576600574
0.3115	48.701507136396685	-0.018726717191935353
0.312	48.6989014592491	-0.1190793669827605
0.3125	48.69082633442122	0.04641246124268267
0.313	48.69875943569423	0.10266964291850382
0.3135	48.703623312860145	0.19505528417582502
0.314	48.71453113562711	0.1229491510093599
0.3145	48.71475668913263	-0.10562497246257885
0.315	48.71539002437203	-0.13434511522090156
0.3155	48.72162380890768	-0.056771892481403005
0.316	48.71764295360117	-0.37516235624218464
0.3165	48.709554050936276	-0.26611409714307216
0.317	48.70198521108978	-0.26824420360982487
0.3175	48.69953179635195	-0.7545652691385851
0.318	48.69425587589649	-0.6203696302665518
0.3185	48.69290796991481	-0.4950063464299403
0.319	48.69821740936277	-0.4072669153974311
0.3195	48.70242396624235	-0.7910934200105812
0.32	48.7103073857852	-0.6870507691191869
0.3205	48.72408694468868	-1.0319851181339608
0.321	48.72260142679988	-0.994854463795637
0.3215	48.71348984213364	-1.0967823873096874
0.322	48.72047246179136	-1.149311738326153
0.3225	48.71608368847774	-1.293768254344022
0.323	48.70606088346176	-1.2203667230275421
0.3235	48.7223217358096	-0.9779161212181562
0.324	48.72422405540601	-1.150794317514805
0.3245	48.69927063595787	-0.8483244863612253
0.325	48.69523833004132	-0.8834758596143769
0.3255	48.68784109158696	-1.1313457715422992
0.326	48.70624690100885	-1.0562192517266404
0.3265	48.70674024305481	-1.2806042480296778
0.327	48.699685698073154	-1.3957064379158894
0.3275	48.71622691575067	-1.348315544130702
0.328	48.71203940153646	-1.7031313560904704
0.3285	48.70459128547918	-1.9402192096586888
0.329	48.69741635153878	-1.7305583807667961
0.3295	48.69101912131191	-1.433875012610529
0.33	48.70380935839421	-1.465657211550624
0.3305	48.70581870163369	-1.1731033818162295
0.331	48.69955511151056	-1.1328942622417566
0.3315	48.700617233980665	-1.282568780476535
0.332	48.7241850520204	-1.2672428056832117
0.3325	48.74196811521324	-0.9996245663951909
0.333	48.7331550739309	-0.8904876733645922
0.3335	48.73976087907795	-0.7959859558694338
0.334	48.72894238806293	-0.8406018284625638
0.3345	48.70976314869222	-0.9872683959913363
0.335	48.71181031490414	-1.1495153213806935
0.3355	48.69493940544271	-1.3039804840141442
0.336	48.68357159160587	-0.8465019686104105
0.3365	48.68293708888814	-0.6637465689507042
0.337	48.6900484588532	-0.340669221323672
0.3375	48.68586384208356	-0.18443712627947462
0.338	48.6936903443584	-0.20058911767902984
0.3385	48.686019866938295	0.04355782551859732
0.339	48.69081373125482	-0.2805838090874967
0.3395	48.687504448882464	-0.002184488819010108
0.34	48.683025967377034	-0.031892680897212894
0.3405	48.6768789865273	0.10636887516961227
0.341	48.676988779452586	0.3856204506013294
0.3415	48.676772341330434	0.5028961472508005
0.342	48.68115696089444	0.6089201598836076
0.3425	48.68705340869565	0.6038505416909067
0.343	48.68755477353807	0.4235694417110122
0.3435	48.689062141264	0.35110583540882645
0.34400000000000003	48.673155061143916	0.6087882493835278
0.34450000000000003	48.67484058317859	0.5539537355140765
0.34500000000000003	48.65794708874273	0.6111079298280772
0.34550000000000003	48.649224047267126	0.5192150157810566
0.34600000000000003	48.6323144320213	0.6750389502933671
0.34650000000000003	48.635711377723055	0.3672672525293967
0.34700000000000003	48.63886197516695	0.48611287652555485
0.34750000000000003	48.639700330584674	0.6480666605117112
0.34800000000000003	48.64320305916226	0.5185832370346287
0.34850000000000003	48.65962208427118	0.45928317191836754
0.34900000000000003	48.66707430016868	0.35727048726389504
0.34950000000000003	48.673243500952594	0.20325793698578837
0.35000000000000003	48.663879903089764	0.2805821039432811
0.35050000000000003	48.687069806119325	0.29645595459240764
0.35100000000000003	48.702652549960476	0.1966830456676794
0.35150000000000003	48.6921779563163	0.08082647734087184
0.352	48.67847304813404	-0.02363893820123627
0.3525	48.67332263326898	-0.18621791227913467
0.353	48.70776495261816	0.228942764292289
0.3535	48.71449423498052	0.1715868223597824
0.354	48.72574049531613	0.21881646081759942
0.3545	48.71014486261447	0.09305111864669649
0.355	48.710597137622244	0.10785532241294697
0.3555	48.687574066507295	0.3416481993817248
0.356	48.69206897969889	0.6226321698597248
0.3565	48.69009652761815	0.6184586037599631
0.357	48.70205328759039	0.5818393505812953
0.3575	48.7037249939076	0.5747754042852009
0.358	48.71767729837302	0.5657002363209453
0.3585	48.723404176653275	0.7732387456205146
0.359	48.728058453212725	0.7302044193790367
0.3595	48.72328014682353	0.9659135862263643
0.36	48.739390827575335	0.9027844981909141
0.3605	48.74470320049477	1.556481967331534
0.361	48.75567032675099	1.351392714617405
0.3615	48.74227006947149	1.397663388106289
0.362	48.75165962949359	1.683706732053406
0.3625	48.74400746897845	1.730768899969602
0.363	48.73791178868669	1.4884103614419784
0.3635	48.74810573463401	1.0811457151461696
0.364	48.752271670751725	0.7715744847144607
0.3645	48.738433451881065	0.4374938742677332
0.365	48.749224762214	0.33932918050598476
0.3655	48.760005897416704	0.15912460744752735
0.366	48.75496493124956	0.22200659130785338
0.3665	48.753665854508654	0.3011385667990691
0.367	48.7393428964715	-0.08749993976171307
0.3675	48.74249218127443	-0.02358482312503871
0.368	48.75192681508997	-0.1579907712975541
0.3685	48.750046388071496	-0.06056106466132767
0.369	48.74596365744401	-0.58442564348144
0.3695	48.74811695603239	-0.4255685608807179
0.37	48.73735788624799	-0.24358329771511386
0.3705	48.72138844229448	-0.25147377746032257
0.371	48.71771337327664	-0.23757952618780587
0.3715	48.69794231335072	-0.08815350083338053
0.372	48.70493983151391	-0.34016981483155007
0.3725	48.70516285548729	-0.475427380893805
0.373	48.693953659829276	-0.4787911180151148
0.3735	48.71917827591278	-0.3386915530308153
0.374	48.71467220311388	0.01145756429197384
0.3745	48.71791219512306	0.32064056587750805
0.375	48.72301246520692	0.20441817466469425
0.3755	48.73395012023866	-0.26492530080843524
0.376	48.72625650054033	-0.08743330401660648
0.3765	48.71773378504622	-0.15643796037622745
0.377	48.708339463697484	-0.27813507770584667
0.3775	48.708443200668626	-0.12972372305445146
0.378	48.70407142596923	-0.07740960987793005
0.3785	48.6775762697489	-0.3386364386759297
0.379	48.68822562253263	-0.01931937632031731
0.3795	48.700752863802336	0.02973816505818911
0.38	48.695185383989156	-0.10934494683371397
0.3805	48.675439353100955	0.3150034999685811
0.381	48.67490853995514	0.2660742518918761
0.3815	48.671681004519996	0.19077822427327307
0.382	48.674129750615975	0.4354061388038956
0.3825	48.6666860108453	0.3295203651791714
0.383	48.66525841369548	0.49672996641280387
0.3835	48.683279778621	0.30391386545129645
0.384	48.69475245053218	0.351552589877711
0.3845	48.68850802927773	0.5667374808383522
0.385	48.713650420213526	0.7988980966682634
0.3855	48.70580437891658	0.4154357952885445
0.386	48.71197711832792	0.3403029351934289
0.3865	48.72918827342983	0.3979350619535168
0.387	48.723696533663315	0.360630131924351
0.3875	48.722018571916124	0.0980897095899676
0.388	48.726996436484114	0.0734265378914659
0.3885	48.700248943798215	0.10352691600869474
0.389	48.705360484183984	-0.08341173010730575
0.3895	48.721231050469214	-0.2373806707842142
0.39	48.73456505318791	-0.35701686911368125
0.3905	48.724039696633554	-0.6540081229513384
0.391	48.73028421899471	-0.7642366207132115
0.3915	48.73817587989288	-0.7282456841795378
0.392	48.73130275496624	-0.7490187689225667
0.3925	48.73105021604715	-0.9830248906603118
0.393	48.72006019547371	-0.9267989463193254
0.3935	48.72665226181016	-0.8053382835512146
0.394	48.72487222128984	-1.0284387039827667
0.3945	48.72069154885685	-0.825192552357187
0.395	48.714430928230286	-1.042599894031921
0.3955	48.732874733754215	-1.3419654403315096
0.396	48.741781107732095	-1.6296563056096407
0.3965	48.7331194327835	-1.8544404096491665
0.397	48.72296398822073	-1.8293685787892535
0.3975	48.72000189360733	-2.1904329849490236
0.398	48.725838795960954	-2.5068924335978324
0.3985	48.716652462457205	-2.29186519851312
0.399	48.732023170447064	-2.3744653316461726
0.3995	48.71174441378753	-1.9563507190806382
0.4	48.706843050971656	-1.7858747435603113
0.4005	48.7086330010934	-1.662235629485904
0.401	48.70021220011586	-1.545050656131757
0.4015	48.7224095047859	-1.5765900488960307
0.402	48.71937743358467	-1.6662113852938731
0.4025	48.73068717695969	-1.3331042680858896
0.403	48.73777015308406	-1.3175277260909648
0.4035	48.74035912544605	-0.9854802522723791
0.404	48.72203869902114	-1.0498142293552546
0.4045	48.72359206648434	-0.909552996487285
0.405	48.73165677336874	-0.8181929345107738
0.4055	48.72453291225611	-1.0613532804787187
0.406	48.71776309577763	-1.1887110795450726
0.40650000000000003	48.7085961276116	-1.26765748352113
0.40700000000000003	48.70416592321999	-0.9769727625248888
0.40750000000000003	48.704227008276575	-0.8772040149985671
0.40800000000000003	48.712820358798126	-0.7966631626901676
0.40850000000000003	48.70461215708383	-0.7767243462123881
0.40900000000000003	48.705885117269645	-0.7552175609663355
0.40950000000000003	48.69944208611196	-0.48590932922771923
0.41000000000000003	48.686277556380446	-0.4888971609208493
0.41050000000000003	48.684926746318524	-0.35900079018626607
0.41100000000000003	48.678078477785675	-0.34909642673221947
0.41150000000000003	48.68817560755451	-0.4232194828722512
0.41200000000000003	48.677989743926446	-0.09210626408000798
0.41250000000000003	48.676957619531095	-0.26592477129373104
0.41300000000000003	48.68837246530711	0.03520669469536582
0.41350000000000003	48.695356635713324	0.09493640718281646
0.41400000000000003	48.68413945939756	0.1167151363395629
0.41450000000000004	48.69875097224576	0.12650061172612292
0.41500000000000004	48.706551804260016	-0.04822191609859228
0.41550000000000004	48.67470156155832	0.014781184365953482
0.41600000000000004	48.683200309948006	-0.14321814721182483
0.4165	48.68553084521591	0.07055002058507286
0.417	48.69191683842473	0.20505467521222226
0.4175	48.69945823566195	0.20394391661860978
0.418	48.71382396637273	-0.027214203727261042
0.4185	48.71718569879522	0.3082533397260218
0.419	48.7185089801842	0.11558552400590016
0.4195	48.71382273331983	-0.03879967532863528
0.42	48.72126654839485	-0.2254512134837129
0.4205	48.716412575198774	-0.3212685340004186
0.421	48.7126159354757	-0.3341497616079902
0.4215	48.70259194662867	-0.35876511280662143
0.422	48.706122823477926	-0.3116490838561083
0.4225	48.712400741813326	-0.36233277906107747
0.423	48.700520069009144	-0.4711053501840284
0.4235	48.69823882655328	-0.10993148390863405
0.424	48.69861358630442	-0.20082060385185538
0.4245	48.707306825763226	-0.15743633895061804
0.425	48.71420788612522	-0.18863802850170486
0.4255	48.71162740685395	-0.45019719902261085
0.426	48.722203448844084	-0.7119845626453747
0.4265	48.69417479579715	-0.8281711052293642
0.427	48.6848367119419	-0.6849249507122546
0.4275	48.66789334528585	-0.7523277659279838
0.428	48.65677855496324	-0.5847853428579245
0.4285	48.638013966878134	-0.2897394139430298
0.429	48.647994649412794	-0.3333039888274295
0.4295	48.64927287515275	-0.058230641213191846
0.43	48.66572999009077	0.061666958531024406
0.4305	48.648122812135625	0.4471473351814835
0.431	48.63118567626407	0.648152107537897
0.4315	48.63643301535012	0.8798976687720862
0.432	48.641151459527464	0.7883818232084364
0.4325	48.65026802009925	0.9170104604863036
0.433	48.647309120317004	0.6036709222126972
0.4335	48.64475184984258	0.6741692302813435
0.434	48.65402047865791	0.42856457847924234
0.4345	48.65171559802366	0.6688473269114523
0.435	48.65565456039258	0.6062983862345338
0.4355	48.674972594059	1.0157891499188576
0.436	48.68062455261315	0.9064288623025253
0.4365	48.69404221423429	0.787880381885703
0.437	48.67965135230588	0.9673208097136651
0.4375	48.68044781300887	0.8900752126265795
0.438	48.68653105102567	1.3600458080463425
0.4385	48.69997180437349	1.0602229126047134
0.439	48.70449064020249	0.8560593680926809
0.4395	48.6858275591112	0.3897600618072742
0.44	48.69891921527778	0.568811721411721
0.4405	48.72058185279093	1.5101764694521551
0.441	48.723921950977456	1.5071573040822046
0.4415	48.73516736397505	1.3189371377971566
0.442	48.728735361426516	1.2695885390411659
0.4425	48.7352798591819	1.2020127010240094
0.443	48.732986176568375	1.187928816388307
0.4435	48.729682400757156	1.1576644094515338
0.444	48.735540093161035	1.001814532855761
0.4445	48.726020899177456	1.1346522401552002
0.445	48.71983617773185	0.7957841338678429
0.4455	48.73611690137841	0.9255752161488944
0.446	48.740277167074964	1.1816259141325698
0.4465	48.731936912428864	1.2351700060321436
0.447	48.72959335691121	1.058546902768616
0.4475	48.71515229650686	1.28270429891248
0.448	48.70312318181459	1.390040372832538
0.4485	48.698602240969194	1.3358677989281689
0.449	48.69104265182432	1.4228246426388638
0.4495	48.68309061171021	1.6464554256573583
0.45	48.69287978186003	1.7922599343214034
0.4505	48.70846226460708	1.8275828358932134
0.451	48.70435294866911	1.728089970939912
0.4515	48.7083816821887	1.3093462947728929
0.452	48.70729325039065	1.4118847180303993
0.4525	48.73141704056252	1.208605438677098
0.453	48.753900919016814	1.0711767061564657
0.4535	48.73887447985362	0.8574605379878594
0.454	48.74142231823862	0.9133996321390245
0.4545	48.74704956525966	1.0312326554348472
0.455	48.74659850801254	1.0660209826580782
0.4555	48.7800999596202	1.2414649801390767
0.456	48.781910003803205	1.3887946202947983
0.4565	48.78589193118569	1.4403221197743403
0.457	48.788931962817514	1.3319175599534259
0.4575	48.78256972087365	1.056535783154827
0.458	48.777827118186906	1.0266644884969738
0.4585	48.75638075612005	0.8966539489133039
0.459	48.75199418365264	0.6888783180737522
0.4595	48.7458786616462	0.6971810604285675
0.46	48.73137747488727	0.7156269067402553
0.4605	48.71659541566078	0.8747049720085216
0.461	48.71000851847202	0.7875596891043205
0.4615	48.692829680878276	0.7435429033195505
0.462	48.69534719946205	0.7504719567041522
0.4625	48.68048344781528	0.9231164984336862
0.463	48.68012760484635	0.7672929824470561
0.4635	48.67335497018394	1.1480234168998769
0.464	48.68739916967388	0.9324017402825786
0.4645	48.68188049714081	0.5918747218672986
0.465	48.67778180338246	0.7689272412861743
0.4655	48.702030950196786	0.9301235392088325
0.466	48.69450958135894	0.7173280791534407
0.4665	48.68624195145094	0.7150894331464932
0.467	48.675644949771595	0.7664218273718097
0.4675	48.69812376844857	0.5859750168235448
0.468	48.695625905944325	0.5739403794678511
0.4685	48.70160464964647	0.8061658338241691
0.46900000000000003	48.70589694251066	0.6343048245896231
0.46950000000000003	48.714580298219516	0.8243592339531421
0.47000000000000003	48.70193940727222	0.732830650646997
0.47050000000000003	48.71011632220325	0.7167975094171235
0.47100000000000003	48.71177617971807	0.6799414700196582
0.47150000000000003	48.71121941455567	0.587999143808096
0.47200000000000003	48.69687973764121	0.4556118084309534
0.47250000000000003	48.69729891183124	1.05872808794748
0.47300000000000003	48.69101194881296	0.6331907347532645
0.47350000000000003	48.69880971185921	0.7273993934171072
0.47400000000000003	48.70043260632701	0.40364549214237544
0.47450000000000003	48.695475744387295	0.3492600272968783
0.47500000000000003	48.688473758635155	0.39202682579661297
0.47550000000000003	48.708349790322245	0.20052366634873728
0.47600000000000003	48.709659046629895	0.08983952676424684
0.47650000000000003	48.71316266338363	-0.05180611903866867
0.47700000000000004	48.70028964237099	0.0600292104880539
0.47750000000000004	48.675456400545954	0.1986830442151902
0.47800000000000004	48.68279380099375	-0.012618149385740763
0.47850000000000004	48.7000794875039	0.024953733699202466
0.47900000000000004	48.6911598333063	0.23723121184628454
0.47950000000000004	48.6815372962119	0.1742572225429525
0.48	48.67733303088062	0.0166762133289553
0.4805	48.67950937322712	0.6243716602465444
0.481	48.66209056397929	0.35562285044336805
0.4815	48.6602744412412	0.12301014506404477
0.482	48.6659963980419	0.4206205973535326
0.4825	48.6810756926061	0.46335226446424643
0.483	48.68825250300688	0.09264370435792874
0.4835	48.684580571640254	0.3457859435211024
0.484	48.693415001507674	0.5154775188720406
0.4845	48.69200262755112	0.47543682397222037
0.485	48.69027376465783	0.5247886448786494
0.4855	48.67390323142172	0.6736311784021117
0.486	48.68491557757625	0.5381784408713893
0.4865	48.67951899800755	0.47822699658983153
0.487	48.67224129249189	0.6250381400842361
0.4875	48.66428931690098	0.780053604592135
0.488	48.67802337825742	0.5346511385093309
0.4885	48.696562835682926	0.43888007693545955
0.489	48.709835812036545	0.33357946605474137
0.4895	48.72021730882261	0.3735917472275831
0.49	48.71381453971662	0.5574557363598841
0.4905	48.71307571012039	0.5883150547725456
0.491	48.716124316832065	0.28308538603908107
0.4915	48.722176266392125	0.4521799118938096
0.492	48.72357760484192	0.49218173457442205
0.4925	48.740118126437665	0.41629933063038166
0.493	48.73069697427309	0.663670882547586
0.4935	48.72995441661624	0.676976263602633
0.494	48.724125825092415	0.4306413132752117
0.4945	48.71175229196342	0.51164060021865
0.495	48.70243060301436	0.7943698377601747
0.4955	48.71281406805065	1.2729991208280813
0.496	48.69676248325959	1.137601515684411
0.4965	48.69869895462034	1.1098135410581556
0.497	48.70117371786182	1.100862873023639
0.4975	48.68514582219541	1.1028986694686107
0.498	48.69626587282801	1.0516638406564847
0.4985	48.70365191539349	0.9969508496709657
0.499	48.686217876331284	0.8441768076642344
0.4995	48.70103032834777	0.7790731392368817
0.5	48.72161575744394	0.7486598631318829
0.5005000000000001	48.71154623186885	0.5624501035563526
0.501	48.723446497318946	0.37925569728684744
0.5015000000000001	48.7273792744254	0.3238213459286256
0.502	48.72921418851729	0.4068177130389305
0.5025000000000001	48.72459584292665	0.0255098091746103
0.503	48.71849646962619	0.02841161586939127
0.5035000000000001	48.72188320931127	0.16304739103528632
0.504	48.724431513617674	0.358075047092007
0.5045000000000001	48.72397862221442	0.5815423846212487
0.505	48.7376767776168	0.5819567217975964
0.5055000000000001	48.7300838111878	0.6478386146546836
0.506	48.73268207721412	0.6581092898894145
0.5065000000000001	48.71968985370404	0.7049350898444515
0.507	48.719662643365155	0.8765734784431957
0.5075000000000001	48.71458112768414	0.9368706294719944
0.508	48.723299989231236	0.9414859476892512
0.5085000000000001	48.72027742679893	0.7684528829923998
0.509	48.71606059046462	0.6014252332864825
0.5095000000000001	48.71170397155947	0.48261494906298685
0.51	48.72429948560966	0.37318254956387514
0.5105000000000001	48.72387796668772	0.3421924294083529
0.511	48.72125043338383	0.3207295189580335
0.5115000000000001	48.72148204774567	-0.03274303956770659
0.512	48.73087906494038	0.06795399506521042
0.5125	48.72139536455143	0.3564031491287489
0.513	48.725364021789574	0.21939740527371898
0.5135	48.73157739356611	0.38467199594974477
0.514	48.72249074948195	0.30057352787891856
0.5145	48.71390772358427	0.5327973373870214
0.515	48.72114090397554	0.797760538137073
0.5155	48.71535619887072	0.5592125790505564
0.516	48.73784599343344	0.5747241949655258
0.5165	48.7405179206562	0.670031919479111
0.517	48.75391186049819	0.5537266834496947
0.5175	48.77186368267212	0.22635925372606944
0.518	48.77525296590102	0.2508319269274956
0.5185	48.77018307666913	0.34613614664362485
0.519	48.74508533268636	0.1294915190579262
0.5195	48.742496666707666	0.1867735741658808
0.52	48.74841112167451	-0.18911924857533716
0.5205	48.76150045043687	-0.16888284761079025
0.521	48.75871898325022	-0.35484597987491867
0.5215	48.77989255407374	0.08070443089158806
0.522	48.781161630528004	0.3006151090470919
0.5225	48.762807467046514	0.17442730602741394
0.523	48.74509406027755	0.3520862536530562
0.5235	48.74237018698659	0.004292596983080113
0.524	48.75495615129876	-0.019351982464903408
0.5245	48.7665227941543	-0.19395510784184997
0.525	48.7741969496783	0.0907392817659488
0.5255	48.76660634044492	0.22389454145418117
0.526	48.76510095939739	0.05949435722334102
0.5265	48.76375560942142	0.14510376023714927
0.527	48.75316026126529	-0.08377187844937405
0.5275	48.735786074776115	-0.21323980158562889
0.528	48.720495554982335	-0.09364910509608926
0.5285	48.71846852157796	0.06505980929843246
0.529	48.72121153644002	0.1244889324574373
0.5295	48.69299236952247	0.4286172911499126
0.53	48.685599840924624	0.25677016775041606
0.5305	48.70614319059678	0.35327465794821433
0.531	48.718005899860145	0.3134770613288371
0.5315	48.73092736912804	0.4169317226821919
0.532	48.72233868414878	0.2577807542845493
0.5325	48.714692363102586	0.4883575673746822
0.533	48.7084192968905	0.25021688909090517
0.5335	48.71104031158211	0.31243379454240866
0.534	48.705381912750454	0.38931318748602456
0.5345	48.70618365681912	0.2610428765241236
0.535	48.71275070901356	0.25807933341582073
0.5355	48.72745574733926	-0.03297032252257426
0.536	48.719029046867945	-0.012163215179046855
0.5365	48.72405227724812	-0.22580527438684603
0.537	48.72742740052672	0.230002188617367
0.5375	48.718028551469615	0.3992879238015429
0.538	48.72043580970603	0.3770877087954867
0.5385	48.73875859568034	0.10184203824334231
0.539	48.741110992961694	0.0045692626398677735
0.5395	48.74517270502474	0.08078789081751085
0.54	48.75247741737621	-0.2719721758758699
0.5405	48.74258681043648	-0.06662851900952138
0.541	48.74881365771034	-0.004618868209482999
0.5415	48.751576242761075	0.03719797236217351
0.542	48.75596335591581	0.06061377056557149
0.5425	48.7475775402454	0.30794577166989223
0.543	48.75167958282145	0.13211925094483123
0.5435	48.74348788770658	0.029996820903845058
0.544	48.72789766990172	-0.050291755286951845
0.5445	48.73554216936827	-0.017598690730751147
0.545	48.725462404077916	-0.2008403134114215
0.5455	48.716580634998536	-0.02543702110069663
0.546	48.725329666527614	-0.24629500684673733
0.5465	48.71635692357995	0.007524521373826492
0.547	48.721213421580615	0.12237850889010952
0.5475	48.72216199317336	0.10108054818887273
0.548	48.7175558679337	0.11390139876668116
0.5485	48.719342655693254	0.28801722608143804
0.549	48.71530479997455	0.07786249583257623
0.5495	48.72033489769274	0.2348993193124882
0.55	48.73455238288261	0.38346111426875484
0.5505	48.74146043563269	0.43173596566525785
0.551	48.747565906207456	0.6379955782574332
0.5515	48.74595501742624	0.8562715510628964
0.552	48.74070240561923	0.8728513511796276
0.5525	48.73007496225182	0.6956219598445988
0.553	48.74111286725565	1.0924143865052687
0.5535	48.73870813146641	0.9471745498592414
0.554	48.74822217568362	1.0100376405983607
0.5545	48.7373710329739	0.8468249981196362
0.555	48.72474526478254	0.7585099909315625
0.5555	48.709520416310625	0.6024218360954514
0.556	48.71343866561074	0.4969209846121051
0.5565	48.71124212572977	0.5905769028078155
0.557	48.7178168918781	0.17826004186460118
0.5575	48.732817370157136	0.274206906888786
0.558	48.73270166525799	0.2969266709685295
0.5585	48.7455672521337	0.3465726206785335
0.559	48.7573622113614	0.5013476204160878
0.5595	48.76856725646576	0.5870133529369818
0.56	48.76946108231277	0.5035449764017761
0.5605	48.76279778335447	0.1948626717745707
0.561	48.75615449285215	0.2878800682575159
0.5615	48.746589417523865	0.03643718109449449
0.562	48.73137427754045	0.17424966453524565
0.5625	48.724035874132824	0.20164171883839366
0.5630000000000001	48.72127161718163	0.2433325541305728
0.5635	48.71944742564483	0.23059601092512733
0.5640000000000001	48.71705669660332	0.10251198824722399
0.5645	48.70639066440526	0.037675814752524496
0.5650000000000001	48.70342217577854	0.12951456836383118
0.5655	48.695346437296394	-0.5130091545220219
0.5660000000000001	48.69090914996741	-0.6016869128965049
0.5665	48.69698151340344	-0.4046144191407939
0.5670000000000001	48.67631860829897	-0.16532050756691455
0.5675	48.6854680862034	0.06215800617700923
0.5680000000000001	48.703964661604914	0.20657440820484174
0.5685	48.69258179061944	0.3292602324267097
0.5690000000000001	48.691643342754105	0.30521207454292737
0.5695	48.705608150025	0.10900432499898467
0.5700000000000001	48.71241589895726	-0.15717511340995638
0.5705	48.72001209525661	-0.1980834090199297
0.5710000000000001	48.72094177007057	-0.18730631506530426
0.5715	48.74183746744711	-0.10493364789208376
0.5720000000000001	48.72266149308598	-0.3155472648074983
0.5725	48.72651041676363	-0.27910295379233907
0.5730000000000001	48.72374096078238	-0.19227859426717
0.5735	48.738715475943536	0.012074030887521618
0.5740000000000001	48.735149030340835	-0.2867394098304147
0.5745	48.74217387055978	-0.15363614580667606
0.5750000000000001	48.7241117565718	0.03605664050385532
0.5755	48.69161942847859	0.28840085336132604
0.5760000000000001	48.68671755467403	0.039078121515756466
0.5765	48.670975065884704	0.3776226741023935
0.577	48.661883033957565	0.12560691530151188
0.5775	48.64289100623864	0.09228806049561089
0.578	48.64512767310771	0.035050491913756476
0.5785	48.64521370755392	0.2247244367958108
0.579	48.65483712472633	0.13201352112704223
0.5795	48.65829675341229	0.4021370642863846
0.58	48.64220643167937	0.036235508266566865
0.5805	48.65447577814666	0.13522826558997353
0.581	48.65702594700451	0.14558975452484613
0.5815	48.666258211966124	0.14748789338404422
0.582	48.65963652833125	0.17433234001512757
0.5825	48.65206459779438	0.027025041000694364
0.583	48.65215172876742	0.19024007773892362
0.5835	48.67352309508169	0.09484241800688176
0.584	48.67357396980151	0.2022154199411955
0.5845	48.672611785943445	0.36790622837484527
0.585	48.6758582042894	0.22123121346987584
0.5855	48.666320650390844	0.016142020359128078
0.586	48.67714776369212	0.23081296654288477
0.5865	48.68669987017165	0.41920188497964095
0.587	48.68666297969139	0.23584055744840401
0.5875	48.686795550136594	0.1239257931640296
0.588	48.69081936162729	0.26285541339181945
0.5885	48.67546537264025	0.44431232902296464
0.589	48.64646179808915	0.25349290681818487
0.5895	48.65224822370328	0.09938830895935458
0.59	48.678518128672295	0.267033648984656
0.5905	48.72184608657335	0.19399132124316532
0.591	48.70049293106604	0.16779310207659248
0.5915	48.694298862033975	0.3621003224425427
0.592	48.699353134361445	0.17856550978166555
0.5925	48.69152728644076	0.13856866163308687
0.593	48.69476153139658	0.19793661742419746
0.5935	48.69912916975045	0.1267390814974094
0.594	48.70675319946167	0.03503039346097006
0.5945	48.7139537063631	-0.2109802581801162
0.595	48.69650721851758	-0.07989652226054576
0.5955	48.69378662148483	-0.09560371110268007
0.596	48.6981093464201	-0.09189026592858213
0.5965	48.68655897260942	-0.25659885899721907
0.597	48.67752132390524	-0.14595005899657082
0.5975	48.66468668230482	-0.16192528457022545
0.598	48.66682573221624	0.1482090938283899
0.5985	48.669130821674116	0.3351154836058319
0.599	48.656656722227126	0.005208582082306947
0.5995	48.6575581315883	-0.1095726335682168
0.6	48.663329837359925	-0.136588506906832
