0.005	114.07763102027737	-1.1443047786075102e-15	114077.63102027736	1000.0
0.01	113.41474091709675	0.00021680997156627463	113588.84754865422	1001.5351322954106
0.015	113.41474091709675	0.00021680997156627463	113588.84754865422	1001.5351322954106
0.02	112.98720339660115	-0.002313799907110401	113989.37563419866	1008.8697853161277
0.025	112.98720339660115	-0.002313799907110401	113989.37563419866	1008.8697853161277
0.03	112.68301872007487	0.0016261524024018862	113048.82327945279	1003.2463148709801
0.035	112.68301872007487	0.0016261524024018862	113048.82327945279	1003.2463148709801
0.04	112.36749861572389	0.014819254405772546	113264.38514382906	1007.9817254913928
0.045	112.36749861572389	0.014819254405772546	113264.38514382906	1007.9817254913928
0.05	112.18632593649137	0.006006912358348678	113592.41158542359	1012.533485139073
0.055	112.18632593649137	0.006006912358348678	113592.41158542359	1012.533485139073
0.06	112.069911632508	-0.016339491897509523	111687.17162510756	996.5848103043439
0.065	112.069911632508	-0.016339491897509523	111687.17162510756	996.5848103043439
0.07	111.93404767969503	-0.02302200748818959	110664.87862044659	988.6614565848612
0.075	111.93404767969503	-0.02302200748818959	110664.87862044659	988.6614565848612
0.08	111.6774010297457	0.03632564736933276	112060.19085694435	1003.4276391075459
0.085	111.6774010297457	0.03632564736933276	112060.19085694435	1003.4276391075459
0.09	111.71289662342122	0.012318652045826458	111534.26095281263	998.4009395870312
0.095	111.71289662342122	0.012318652045826458	111534.26095281263	998.4009395870312
0.1	111.43144352363522	-0.042803071136476314	111268.27643953514	998.5357177566718
0.105	111.43144352363522	-0.042803071136476314	111268.27643953514	998.5357177566718
0.11	111.52024384656639	0.07165683536634623	111233.35520357214	997.4274747516786
0.115	111.52024384656639	0.07165683536634623	111233.35520357214	997.4274747516786
0.12	111.60446224054694	0.0024125158690665722	111188.4780428049	996.272692064539
0.125	111.60446224054694	0.0024125158690665722	111188.4780428049	996.272692064539
0.13	111.44100601184068	-0.03078642226728703	111512.43990667403	1000.6410018842234
0.135	111.44100601184068	-0.03078642226728703	111512.43990667403	1000.6410018842234
0.14	111.39579227173515	0.003250248445308101	111109.48212995678	997.4297939272253
0.145	111.39579227173515	0.003250248445308101	111109.48212995678	997.4297939272253
0.15	111.23047510214731	0.06081216800926592	109897.6618676947	988.0175533438239
0.155	111.23047510214731	0.06081216800926592	109897.6618676947	988.0175533438239
0.16	111.24429745631747	0.0908000965088767	111763.86316244784	1004.6704929422058
0.165	111.24429745631747	0.0908000965088767	111763.86316244784	1004.6704929422058
0.17	111.43579531645196	0.0307379586372183	111258.21302914682	998.4064161179015
0.17500000000000002	111.43579531645196	0.0307379586372183	111258.21302914682	998.4064161179015
0.18	111.45941723595638	0.010244534767994298	111386.32224543803	999.3442008550644
0.185	111.45941723595638	0.010244534767994298	111386.32224543803	999.3442008550644
0.19	111.25401202629106	-0.18937495262607743	110349.74883633744	991.8720846692709
0.195	111.25401202629106	-0.18937495262607743	110349.74883633744	991.8720846692709
0.2	111.29274613686118	0.09825255558308091	109437.25197267889	983.3278068105129
0.20500000000000002	111.29274613686118	0.09825255558308091	109437.25197267889	983.3278068105129
0.21	111.11799800826859	0.004837763844055424	110473.59733207415	994.2007533635866
0.215	111.11799800826859	0.004837763844055424	110473.59733207415	994.2007533635866
0.22	111.08397294933937	0.022917035804227735	110487.93434269793	994.634342013377
0.225	111.08397294933937	0.022917035804227735	110487.93434269793	994.634342013377
0.23	111.24079225641525	0.07222385235154526	110369.55709916954	992.1680245207399
0.23500000000000001	111.24079225641525	0.07222385235154526	110369.55709916954	992.1680245207399
0.24	111.1594052451715	0.03752441945781043	109692.89340511434	986.8071276845837
0.245	111.1594052451715	0.03752441945781043	109692.89340511434	986.8071276845837
0.25	111.08618131672027	0.0848619185221747	108469.40798019362	976.4437547000925
0.255	111.08618131672027	0.0848619185221747	108469.40798019362	976.4437547000925
0.26	110.94809533954519	0.13769994672056518	110866.78322708898	999.26711574266
0.265	110.94809533954519	0.13769994672056518	110866.78322708898	999.26711574266
0.27	111.06595330389442	0.1535925655858938	110062.33451984245	990.9637584318401
0.275	111.06595330389442	0.1535925655858938	110062.33451984245	990.9637584318401
0.28	111.16497973336291	0.06653480584602378	110274.14812070147	991.9864006200678
0.28500000000000003	111.16497973336291	0.06653480584602378	110274.14812070147	991.9864006200678
0.29	111.1353680773774	-0.01814015815395789	109677.50860089858	986.8821285095867
0.295	111.1353680773774	-0.01814015815395789	109677.50860089858	986.8821285095867
0.3	111.18610966179779	-0.04096096906834044	108556.32898754587	976.3479387645535
0.305	111.18610966179779	-0.04096096906834044	108556.32898754587	976.3479387645535
0.31	111.40173153943283	0.038987958961421154	110277.81311405716	989.9111224767828
0.315	111.40173153943283	0.038987958961421154	110277.81311405716	989.9111224767828
0.32	111.46598329314169	0.03375867941724989	108763.44626025985	975.7546028569587
0.325	111.46598329314169	0.03375867941724989	108763.44626025985	975.7546028569587
0.33	111.33162638043027	0.01971600715124132	111053.8869792351	997.5052964712281
0.335	111.33162638043027	0.01971600715124132	111053.8869792351	997.5052964712281
0.34	111.397758628384	-0.05752803983934246	109595.62184061176	983.8225040614681
0.34500000000000003	111.397758628384	-0.05752803983934246	109595.62184061176	983.8225040614681
0.35000000000000003	111.39928839701311	-0.0835881548472514	108620.05614147174	975.0516157191548
0.355	111.39928839701311	-0.0835881548472514	108620.05614147174	975.0516157191548
0.36	111.3064469736163	-0.059826084681560726	110266.29241036436	990.6550375873691
0.365	111.3064469736163	-0.059826084681560726	110266.29241036436	990.6550375873691
0.37	111.36762303361725	-0.00991656220160889	109878.81642963794	986.6316029432548
0.375	111.36762303361725	-0.00991656220160889	109878.81642963794	986.6316029432548
0.38	111.61810671765768	0.01631429369891947	110575.67745882766	990.6607512930955
0.385	111.61810671765768	0.01631429369891947	110575.67745882766	990.6607512930955
0.39	111.3214373355477	0.005713227303287988	109578.0961913445	984.3395738868483
0.395	111.3214373355477	0.005713227303287988	109578.0961913445	984.3395738868483
0.4	111.37211835437058	-0.10323702560329855	108941.55024758125	978.1761526789354
0.405	111.37211835437058	-0.10323702560329855	108941.55024758125	978.1761526789354
0.41000000000000003	111.370227985823	0.05693361371791298	110459.92460375084	991.8263309814895
0.41500000000000004	111.370227985823	0.05693361371791298	110459.92460375084	991.8263309814895
0.42	111.63055265100384	0.055329327887339005	110197.79684406241	987.165200091585
0.425	111.63055265100384	0.055329327887339005	110197.79684406241	987.165200091585
0.43	111.55432249598074	-0.01857217637602735	110696.0208924454	992.3059762783619
0.435	111.55432249598074	-0.01857217637602735	110696.0208924454	992.3059762783619
0.44	111.48290476469379	-0.06905093465180195	110006.97338931514	986.7609174833228
0.445	111.48290476469379	-0.06905093465180195	110006.97338931514	986.7609174833228
0.45	111.47856137442173	-0.03241970190668045	109542.80262229058	982.6355962234788
0.455	111.47856137442173	-0.03241970190668045	109542.80262229058	982.6355962234788
0.46	111.66002068360196	-0.008487876996962296	111072.31707338332	994.7366693412682
0.465	111.66002068360196	-0.008487876996962296	111072.31707338332	994.7366693412682
0.47000000000000003	111.76208219684452	-0.03384357354178452	109781.99683071882	982.2830308168543
0.47500000000000003	111.76208219684452	-0.03384357354178452	109781.99683071882	982.2830308168543
0.48	111.62724168898049	-0.13787252132542466	111302.662181251	997.0922912470251
0.485	111.62724168898049	-0.13787252132542466	111302.662181251	997.0922912470251
0.49	111.32553847496412	-0.10022769630227228	109938.77000577799	987.5431236337743
0.495	111.32553847496412	-0.10022769630227228	109938.77000577799	987.5431236337743
0.5	111.28910763595691	-0.03804301379141323	108608.3348844569	975.9116340453622
0.505	111.28910763595691	-0.03804301379141323	108608.3348844569	975.9116340453622
0.51	111.28176599641655	0.10872948975481099	109784.32286427951	986.5436792925693
0.515	111.28176599641655	0.10872948975481099	109784.32286427951	986.5436792925693
0.52	111.34156895023095	0.04991869794513339	109288.71447399019	981.562551205306
0.525	111.34156895023095	0.04991869794513339	109288.71447399019	981.562551205306
0.53	111.22136580038426	-0.07214397426734268	110690.99829455712	995.2314242680761
0.535	111.22136580038426	-0.07214397426734268	110690.99829455712	995.2314242680761
0.54	111.51025550937544	-0.03494693731819023	109620.66319660455	983.0545423455511
0.545	111.51025550937544	-0.03494693731819023	109620.66319660455	983.0545423455511
0.55	111.57382190090713	0.01089524945963936	108696.05326387988	974.2074925103568
0.555	111.57382190090713	0.01089524945963936	108696.05326387988	974.2074925103568
0.56	111.46754634467636	0.03071788754713118	110867.70795900108	994.6187172379261
0.5650000000000001	111.46754634467636	0.03071788754713118	110867.70795900108	994.6187172379261
0.5700000000000001	111.54129510713928	-0.014953855806724554	110440.97893396119	990.1353469840815
0.5750000000000001	111.54129510713928	-0.014953855806724554	110440.97893396119	990.1353469840815
0.58	111.54763737907139	-0.12498025812128286	111159.823774035	996.5233364493549
0.585	111.54763737907139	-0.12498025812128286	111159.823774035	996.5233364493549
0.59	111.55120917728453	-0.2310068659948363	110421.25867220014	989.8705669493139
0.595	111.55120917728453	-0.2310068659948363	110421.25867220014	989.8705669493139
0.6	111.48462854736377	-0.14730121556002246	109443.42874046708	981.6907511511374
0.605	111.48462854736377	-0.14730121556002246	109443.42874046708	981.6907511511374
0.61	111.615595150993	0.016060194966015764	110886.43192607276	993.4671922509232
0.615	111.615595150993	0.016060194966015764	110886.43192607276	993.4671922509232
0.62	111.44621358756281	-0.07770075790320535	110329.99291535199	989.984220761939
0.625	111.44621358756281	-0.07770075790320535	110329.99291535199	989.984220761939
0.63	111.43148947044263	-0.030140205594636284	110714.25458248776	993.5634452041933
0.635	111.43148947044263	-0.030140205594636284	110714.25458248776	993.5634452041933
0.64	111.48505661948022	-0.01416292263224735	110131.00646890658	987.8544246948246
0.645	111.48505661948022	-0.01416292263224735	110131.00646890658	987.8544246948246
0.65	111.25542891746588	-0.06939002568232462	109397.21963497608	983.2978102680428
0.655	111.25542891746588	-0.06939002568232462	109397.21963497608	983.2978102680428
0.66	111.40912439838371	-0.048136013857284214	110278.45526433825	989.8511980939519
0.665	111.40912439838371	-0.048136013857284214	110278.45526433825	989.8511980939519
0.67	111.32937969263058	0.02344955900852871	109660.80762323654	985.012293484426
0.675	111.32937969263058	0.02344955900852871	109660.80762323654	985.012293484426
0.68	111.37964177056955	0.013797792933141387	110780.22999479012	994.6183003801165
0.685	111.37964177056955	0.013797792933141387	110780.22999479012	994.6183003801165
0.6900000000000001	111.55999381454913	0.09929376786189922	110791.04742836245	993.1073285333367
0.6950000000000001	111.55999381454913	0.09929376786189922	110791.04742836245	993.1073285333367
0.7000000000000001	111.50886664767597	0.10909303581437704	109131.51095697547	978.6801196875939
0.705	111.50886664767597	0.10909303581437704	109131.51095697547	978.6801196875939
0.71	111.3618418772795	0.08968611201030717	110443.14763090898	991.7503677122822
0.715	111.3618418772795	0.08968611201030717	110443.14763090898	991.7503677122822
0.72	111.47297986142928	0.16123231648669598	109074.14952255039	978.4806116974637
0.725	111.47297986142928	0.16123231648669598	109074.14952255039	978.4806116974637
0.73	111.72223106312576	-0.029006774171009702	110976.41274991739	993.3243517775171
0.735	111.72223106312576	-0.029006774171009702	110976.41274991739	993.3243517775171
0.74	111.59290531366113	-0.06937575006982552	110004.48950145674	985.7659785114499
0.745	111.59290531366113	-0.06937575006982552	110004.48950145674	985.7659785114499
0.75	111.49594317940308	-0.0049028207626648215	109419.53920371817	981.3768652340663
0.755	111.49594317940308	-0.0049028207626648215	109419.53920371817	981.3768652340663
0.76	111.70091143149811	0.03262668857693471	110603.59117653136	990.1762640885909
0.765	111.70091143149811	0.03262668857693471	110603.59117653136	990.1762640885909
0.77	111.54416658260428	0.10185350907766123	109255.81565309977	979.4847996124488
0.775	111.54416658260428	0.10185350907766123	109255.81565309977	979.4847996124488
0.78	111.26657803626982	-0.1412189119941004	111249.1687165356	999.8435350485161
0.785	111.26657803626982	-0.1412189119941004	111249.1687165356	999.8435350485161
0.79	111.29370136622808	0.09648014485278056	110524.70799164093	993.0904142359623
0.795	111.29370136622808	0.09648014485278056	110524.70799164093	993.0904142359623
0.8	110.87127811992043	0.002550874918285873	108617.89978922835	979.6757251390682
0.805	110.87127811992043	0.002550874918285873	108617.89978922835	979.6757251390682
0.81	111.28007507479462	0.10612556237263276	109914.39036136397	987.7275000712145
0.8150000000000001	111.28007507479462	0.10612556237263276	109914.39036136397	987.7275000712145
0.8200000000000001	111.24058188707671	-0.14425713063790208	109738.7679868827	986.4994062893472
0.8250000000000001	111.24058188707671	-0.14425713063790208	109738.7679868827	986.4994062893472
0.8300000000000001	111.61338868226302	-0.04191086537688699	111229.09490823316	996.5569204683512
0.835	111.61338868226302	-0.04191086537688699	111229.09490823316	996.5569204683512
0.84	111.55885636819559	0.01684008315544913	110075.80936647474	986.7061473198855
0.845	111.55885636819559	0.01684008315544913	110075.80936647474	986.7061473198855
0.85	111.81752440117118	0.06794143293797048	109263.56205219586	977.1595520232374
0.855	111.81752440117118	0.06794143293797048	109263.56205219586	977.1595520232374
0.86	111.66916898617558	0.017966424592463094	110887.87996997595	993.0035387270023
0.865	111.66916898617558	0.017966424592463094	110887.87996997595	993.0035387270023
0.87	111.50394304863117	0.028084553344036176	109697.49658522755	983.7992593444363
0.875	111.50394304863117	0.028084553344036176	109697.49658522755	983.7992593444363
0.88	111.3834878879815	0.011124900303466944	110906.64989622761	995.7189525952587
0.885	111.3834878879815	0.011124900303466944	110906.64989622761	995.7189525952587
0.89	111.5407874201522	0.026491068561136873	109937.01837000882	985.6216807569925
0.895	111.5407874201522	0.026491068561136873	109937.01837000882	985.6216807569925
0.9	111.25463658937032	0.10287604505676554	109036.2010239314	980.059837203667
0.905	111.25463658937032	0.10287604505676554	109036.2010239314	980.059837203667
0.91	111.1694989035493	0.036736905199427024	109965.63597191442	989.1709241877636
0.915	111.1694989035493	0.036736905199427024	109965.63597191442	989.1709241877636
0.92	111.22188318937359	0.12055572361383658	109376.02777446127	983.40384677924
0.925	111.22188318937359	0.12055572361383658	109376.02777446127	983.40384677924
0.93	111.29165330021839	-0.015791437540082442	110947.96970518089	996.911865491742
0.935	111.29165330021839	-0.015791437540082442	110947.96970518089	996.911865491742
0.9400000000000001	111.42143717047414	0.02031885980505698	109956.79763462562	986.8549574207375
0.9450000000000001	111.42143717047414	0.02031885980505698	109956.79763462562	986.8549574207375
0.9500000000000001	111.5183195184045	-0.038788881673125	108965.74276678142	977.1106956897622
0.9550000000000001	111.5183195184045	-0.038788881673125	108965.74276678142	977.1106956897622
0.96	111.45036012794465	-0.05545819062794531	110636.0779571607	992.693768150689
0.965	111.45036012794465	-0.05545819062794531	110636.0779571607	992.693768150689
0.97	111.49689337972913	0.017475930080840116	109864.30588259257	985.3575516980871
0.975	111.49689337972913	0.017475930080840116	109864.30588259257	985.3575516980871
0.98	111.5284037110135	-0.01538982804236846	110533.2608970418	991.0772253447628
0.985	111.5284037110135	-0.01538982804236846	110533.2608970418	991.0772253447628
0.99	111.6656979468053	-0.03991019716658468	110018.37428475874	985.2477198250147
0.995	111.6656979468053	-0.03991019716658468	110018.37428475874	985.2477198250147
1.0	111.23010063898536	-0.03967011605826143	108318.38626434952	973.8226041520338
1.0050000000000001	111.23010063898536	-0.03967011605826143	108318.38626434952	973.8226041520338
1.01	111.50813020737738	-0.05178781499270389	110475.01629144092	990.7350799083877
1.0150000000000001	111.50813020737738	-0.05178781499270389	110475.01629144092	990.7350799083877
1.02	111.45799116233685	-0.04096055525122198	110122.65982203922	988.019420354053
1.025	111.45799116233685	-0.04096055525122198	110122.65982203922	988.019420354053
1.03	111.50114761891676	0.010230320288906875	110821.41106958728	993.9037708234839
1.035	111.50114761891676	0.010230320288906875	110821.41106958728	993.9037708234839
1.04	111.28153529330353	0.042654364396556864	110475.2394879749	992.7544511027504
1.045	111.28153529330353	0.042654364396556864	110475.2394879749	992.7544511027504
1.05	111.30298039015744	-0.0486589212285754	109690.69031022691	985.5144033494981
1.055	111.30298039015744	-0.0486589212285754	109690.69031022691	985.5144033494981
1.06	111.39251732981499	-0.040914352731258444	110293.62170564872	990.1349242255417
1.065	111.39251732981499	-0.040914352731258444	110293.62170564872	990.1349242255417
1.07	111.33063419418514	-0.01817173163107984	108804.51685788002	977.3097732300796
1.075	111.33063419418514	-0.01817173163107984	108804.51685788002	977.3097732300796
1.08	111.26807797184743	-0.1523840903563274	110221.51130092349	990.5941875693338
1.085	111.26807797184743	-0.1523840903563274	110221.51130092349	990.5941875693338
1.09	111.43212424188135	0.0033913293049203574	109194.75523775059	979.9216875801974
1.095	111.43212424188135	0.0033913293049203574	109194.75523775059	979.9216875801974
1.1	111.55159848586554	0.008793201244465908	108624.3568355579	973.7588551841457
1.105	111.55159848586554	0.008793201244465908	108624.3568355579	973.7588551841457
1.11	111.45475332932806	-0.014163015980497486	110780.22983288398	993.9480060177336
1.115	111.45475332932806	-0.014163015980497486	110780.22983288398	993.9480060177336
1.12	111.44207156239844	-0.03470076254167763	109212.51723352737	979.99360297585
1.125	111.44207156239844	-0.03470076254167763	109212.51723352737	979.99360297585
1.1300000000000001	111.26735946010929	0.10369046509218537	110366.13460517068	991.9003662950975
1.135	111.26735946010929	0.10369046509218537	110366.13460517068	991.9003662950975
1.1400000000000001	110.75872760378945	-0.09761104105003808	108788.06175852887	982.2075795930942
1.145	110.75872760378945	-0.09761104105003808	108788.06175852887	982.2075795930942
1.1500000000000001	111.20935855488091	0.027288268747324623	108682.0876696224	977.2746563949353
1.155	111.20935855488091	0.027288268747324623	108682.0876696224	977.2746563949353
1.16	111.30990592282103	0.09329276052318607	110268.68016857504	990.6457044805343
1.165	111.30990592282103	0.09329276052318607	110268.68016857504	990.6457044805343
1.17	111.31530337721736	0.04237342344024885	109681.3624343896	985.321506627972
1.175	111.31530337721736	0.04237342344024885	109681.3624343896	985.321506627972
1.18	111.1806630321268	0.08480474963418631	111138.02659716265	999.6165121361812
1.185	111.1806630321268	0.08480474963418631	111138.02659716265	999.6165121361812
1.19	111.43830082294797	-0.003838020754407293	110479.43065249655	991.3955061826107
1.195	111.43830082294797	-0.003838020754407293	110479.43065249655	991.3955061826107
1.2	111.54364579517913	0.018509112990745744	109373.56792768907	980.5450337218236
1.205	111.54364579517913	0.018509112990745744	109373.56792768907	980.5450337218236
1.21	111.51055250314447	-0.016451484089424262	110163.56388285496	987.9205277881523
1.215	111.51055250314447	-0.016451484089424262	110163.56388285496	987.9205277881523
1.22	111.4529843030455	0.09667562735422233	109531.91275019388	982.763390636287
1.225	111.4529843030455	0.09667562735422233	109531.91275019388	982.763390636287
1.23	111.57642008644652	0.03324134753229321	111282.71051571543	997.367637619996
1.235	111.57642008644652	0.03324134753229321	111282.71051571543	997.367637619996
1.24	111.6094303729572	0.06998887281775397	110229.61276351933	987.6370876114406
1.245	111.6094303729572	0.06998887281775397	110229.61276351933	987.6370876114406
1.25	111.32819553454306	0.14987655608321826	108931.33201399207	978.4702921928948
1.2550000000000001	111.32819553454306	0.14987655608321826	108931.33201399207	978.4702921928948
1.26	111.43366700536912	0.036481420182284285	110107.78969476647	988.1016451649323
1.2650000000000001	111.43366700536912	0.036481420182284285	110107.78969476647	988.1016451649323
1.27	111.69095997321507	0.01873656510559823	108863.70731147469	974.686826378622
1.2750000000000001	111.69095997321507	0.01873656510559823	108863.70731147469	974.686826378622
1.28	111.60094301131387	0.13091754968941421	111422.64908834941	998.4023977024424
1.285	111.60094301131387	0.13091754968941421	111422.64908834941	998.4023977024424
1.29	111.59153036559131	0.08268097181655724	110083.72470231257	986.4881711153262
1.295	111.59153036559131	0.08268097181655724	110083.72470231257	986.4881711153262
1.3	111.55038930495584	-0.047255771179837036	109313.62333433425	979.9483804175104
1.305	111.55038930495584	-0.047255771179837036	109313.62333433425	979.9483804175104
1.31	111.6140761808155	0.016517533273482758	111508.13344992544	999.0508120972268
1.315	111.6140761808155	0.016517533273482758	111508.13344992544	999.0508120972268
1.32	111.8082464820809	-0.06553657359590394	110838.23587115729	991.3243375024304
1.325	111.8082464820809	-0.06553657359590394	110838.23587115729	991.3243375024304
1.33	111.6888383609044	-0.13354098448507945	111548.83686099331	998.7465041094017
1.335	111.6888383609044	-0.13354098448507945	111548.83686099331	998.7465041094017
1.34	111.61721177840813	-0.1519673540782874	109883.13035641827	984.4640320756937
1.345	111.61721177840813	-0.1519673540782874	109883.13035641827	984.4640320756937
1.35	111.73818718367123	-0.06965724699289919	109458.78160749185	979.6004782820346
1.355	111.73818718367123	-0.06965724699289919	109458.78160749185	979.6004782820346
1.36	111.80776074244571	0.10398567902780202	110798.9026943603	990.9768513260061
1.365	111.80776074244571	0.10398567902780202	110798.9026943603	990.9768513260061
1.37	111.76829331671904	-0.010983545183955683	110055.7291022411	984.6775488498779
1.375	111.76829331671904	-0.010983545183955683	110055.7291022411	984.6775488498779
1.3800000000000001	111.80604828428741	-0.04664050199443761	111033.28457518651	993.0883550491292
1.385	111.80604828428741	-0.04664050199443761	111033.28457518651	993.0883550491292
1.3900000000000001	111.83087112634114	0.006358735168827601	110850.19524656482	991.2307230561729
1.395	111.83087112634114	0.006358735168827601	110850.19524656482	991.2307230561729
1.4000000000000001	111.8409618765467	-0.018467627772805424	109472.11556379418	978.8195105531432
1.405	111.8409618765467	-0.018467627772805424	109472.11556379418	978.8195105531432
1.41	111.70982185463208	-0.0710041882610674	110884.38096171113	992.6108476478005
1.415	111.70982185463208	-0.0710041882610674	110884.38096171113	992.6108476478005
1.42	111.53507624447896	0.023410790047312162	109820.32424203235	984.6258947392662
1.425	111.53507624447896	0.023410790047312162	109820.32424203235	984.6258947392662
1.43	111.40204283207184	-0.03214036102792998	111122.5857198373	997.4914543294706
1.435	111.40204283207184	-0.03214036102792998	111122.5857198373	997.4914543294706
1.44	111.3501786944068	0.04143560662844295	110423.7756832198	991.6802736910784
1.445	111.3501786944068	0.04143560662844295	110423.7756832198	991.6802736910784
1.45	110.9171282212951	-0.09073090522056988	108948.68292684722	982.2530088362857
1.455	110.9171282212951	-0.09073090522056988	108948.68292684722	982.2530088362857
1.46	111.36841976197844	0.0033417307543899782	110368.62126159457	991.0226031533832
1.465	111.36841976197844	0.0033417307543899782	110368.62126159457	991.0226031533832
1.47	111.36800827601837	0.052322889993218866	109344.30105745343	981.8286485509436
1.475	111.36800827601837	0.052322889993218866	109344.30105745343	981.8286485509436
1.48	111.42658049576642	0.015237519603597545	110820.89463711536	994.5642605565369
1.485	111.42658049576642	0.015237519603597545	110820.89463711536	994.5642605565369
1.49	111.45181092745447	-0.013910314905230477	110073.14262011943	987.6299156033234
1.495	111.45181092745447	-0.013910314905230477	110073.14262011943	987.6299156033234
1.5	111.28522801986047	-0.1253889115848127	109217.37197258236	981.4184138894962
1.5050000000000001	111.28522801986047	-0.1253889115848127	109217.37197258236	981.4184138894962
1.51	111.43434129510608	-0.14072301114171343	110403.37573591346	990.7482240464601
1.5150000000000001	111.43434129510608	-0.14072301114171343	110403.37573591346	990.7482240464601
1.52	111.46454180934317	-0.09746226504721797	109502.93597176066	982.4015260302438
1.5250000000000001	111.46454180934317	-0.09746226504721797	109502.93597176066	982.4015260302438
1.53	111.48848973204224	-0.07884583212804509	111019.03476440997	995.7892068610797
1.5350000000000001	111.48848973204224	-0.07884583212804509	111019.03476440997	995.7892068610797
1.54	111.4386762620716	-0.13111697743873446	110009.8965677929	987.1787808128784
1.545	111.4386762620716	-0.13111697743873446	110009.8965677929	987.1787808128784
1.55	111.57909965673893	-0.15478097090803541	109551.9202487541	981.8319074609741
1.555	111.57909965673893	-0.15478097090803541	109551.9202487541	981.8319074609741
1.56	111.22883492073674	-0.005150434750577281	111091.86571336085	998.7685818387515
1.565	111.22883492073674	-0.005150434750577281	111091.86571336085	998.7685818387515
1.57	111.58093503155067	-0.09505205395641612	109936.63771103493	985.2636355838854
1.575	111.58093503155067	-0.09505205395641612	109936.63771103493	985.2636355838854
1.58	111.49343326858256	-0.004797131219199664	111224.67316367704	997.589453503884
1.585	111.49343326858256	-0.004797131219199664	111224.67316367704	997.589453503884
1.59	111.49212590734325	0.017844785666601255	110423.53590827527	990.4155563420143
1.595	111.49212590734325	0.017844785666601255	110423.53590827527	990.4155563420143
1.6	111.47347076776416	0.09626992475102801	109337.02228930856	980.8344670373948
1.605	111.47347076776416	0.09626992475102801	109337.02228930856	980.8344670373948
1.61	111.37832949548823	0.050077113098425205	110448.95194758929	991.6556698945949
1.615	111.37832949548823	0.050077113098425205	110448.95194758929	991.6556698945949
1.62	111.15521085767678	0.051112562770698415	109310.22669021435	983.4017303082196
1.625	111.15521085767678	0.051112562770698415	109310.22669021435	983.4017303082196
1.6300000000000001	111.2099359232601	-0.03067270552013586	110798.78527448539	996.3029324191101
1.635	111.2099359232601	-0.03067270552013586	110798.78527448539	996.3029324191101
1.6400000000000001	111.38029211097049	-0.19550140844330363	110308.76213152455	990.3795369976374
1.645	111.38029211097049	-0.19550140844330363	110308.76213152455	990.3795369976374
1.6500000000000001	111.50274853036942	-0.06747847404019461	109171.12795630877	979.0891201805166
1.655	111.50274853036942	-0.06747847404019461	109171.12795630877	979.0891201805166
1.6600000000000001	111.55806532264931	-0.03708582558245541	110500.62951234313	990.5212069853682
1.665	111.55806532264931	-0.03708582558245541	110500.62951234313	990.5212069853682
1.67	111.4763394604964	-0.18085624577878193	109771.91868406208	984.7104705385639
1.675	111.4763394604964	-0.18085624577878193	109771.91868406208	984.7104705385639
1.68	111.45105983805367	-0.029287771928916254	110793.13556371297	994.096742773943
1.685	111.45105983805367	-0.029287771928916254	110793.13556371297	994.096742773943
1.69	111.6661503719492	0.008252108062853128	109767.74725226298	982.9992964442418
1.695	111.6661503719492	0.008252108062853128	109767.74725226298	982.9992964442418
1.7	111.555695428962	-0.028587180059230458	108929.67074154384	976.4599675765512
1.705	111.555695428962	-0.028587180059230458	108929.67074154384	976.4599675765512
1.71	111.55094850694604	-0.043066117100175876	110648.69757861829	991.9117592418179
1.715	111.55094850694604	-0.043066117100175876	110648.69757861829	991.9117592418179
1.72	111.56275555642627	-0.004501476985032697	109908.42339925516	985.1712863408579
1.725	111.56275555642627	-0.004501476985032697	109908.42339925516	985.1712863408579
1.73	111.45100623319865	0.005923667965035812	111191.02905515101	997.667341131908
1.735	111.45100623319865	0.005923667965035812	111191.02905515101	997.667341131908
1.74	111.2482301362138	0.0702694525947314	110338.82737070126	991.8254630711962
1.745	111.2482301362138	0.0702694525947314	110338.82737070126	991.8254630711962
1.75	111.44451248326725	-0.0014704075255829304	109193.18331049693	979.798653853788
1.7550000000000001	111.44451248326725	-0.0014704075255829304	109193.18331049693	979.798653853788
1.76	111.57361354031035	-0.031394317075488336	110354.715471504	989.0753913032854
1.7650000000000001	111.57361354031035	-0.031394317075488336	110354.715471504	989.0753913032854
1.77	111.60384917957437	-0.010751247213834057	108475.50344769034	971.969195015394
1.7750000000000001	111.60384917957437	-0.010751247213834057	108475.50344769034	971.969195015394
1.78	111.82415280483289	0.0896540698746893	111852.52891251774	1000.2537565183648
1.7850000000000001	111.82415280483289	0.0896540698746893	111852.52891251774	1000.2537565183648
1.79	111.525816813101	0.022878305264539097	110887.12650069872	994.2731617606296
1.795	111.525816813101	0.022878305264539097	110887.12650069872	994.2731617606296
1.8	111.64805567148701	0.11013887905785823	110718.79472067613	991.6768729627936
1.805	111.64805567148701	0.11013887905785823	110718.79472067613	991.6768729627936
1.81	111.59191739739214	0.07199774825108109	110793.1176366089	992.8417776178304
1.815	111.59191739739214	0.07199774825108109	110793.1176366089	992.8417776178304
1.82	111.57976121537448	0.14304885500286282	108909.10867115908	976.0650810225303
1.825	111.57976121537448	0.14304885500286282	108909.10867115908	976.0650810225303
1.83	111.38950851725185	0.01602465222731773	110983.54356013858	996.355447092664
1.835	111.38950851725185	0.01602465222731773	110983.54356013858	996.355447092664
1.84	111.3358885236744	0.0046935581159223425	109447.33538727809	983.0373371835559
1.845	111.3358885236744	0.0046935581159223425	109447.33538727809	983.0373371835559
1.85	111.5061976910337	-0.05607041495658875	108528.17474786396	973.2927585655697
1.855	111.5061976910337	-0.05607041495658875	108528.17474786396	973.2927585655697
1.86	111.38578881004268	-0.2035903757714256	110268.67930001389	989.970807569232
1.865	111.38578881004268	-0.2035903757714256	110268.67930001389	989.970807569232
1.87	111.58279224611076	0.021899310966381265	108589.81516487722	973.1770730863938
1.875	111.58279224611076	0.021899310966381265	108589.81516487722	973.1770730863938
1.8800000000000001	111.42479643333951	0.08343644898578609	110568.74517113394	992.3172283943305
1.885	111.42479643333951	0.08343644898578609	110568.74517113394	992.3172283943305
1.8900000000000001	111.29996000375068	-0.053314097905829	109196.76639935923	981.1033750207944
1.895	111.29996000375068	-0.053314097905829	109196.76639935923	981.1033750207944
1.9000000000000001	111.49376289434406	0.01336393873936586	107622.12980725631	965.2748908406951
1.905	111.49376289434406	0.01336393873936586	107622.12980725631	965.2748908406951
1.9100000000000001	111.56000204903415	0.1212601955994793	111114.14369064933	996.0034210272885
1.915	111.56000204903415	0.1212601955994793	111114.14369064933	996.0034210272885
1.92	111.40466824467306	0.027258232790011012	110244.9568711204	989.5901007397138
1.925	111.40466824467306	0.027258232790011012	110244.9568711204	989.5901007397138
1.93	111.54448402683524	-0.021685973767649688	111185.97672358049	996.7859701321628
1.935	111.54448402683524	-0.021685973767649688	111185.97672358049	996.7859701321628
1.94	111.48188388766128	-0.014255530866140967	109374.58593663228	981.0973955808596
1.945	111.48188388766128	-0.014255530866140967	109374.58593663228	981.0973955808596
1.95	111.6226759319794	0.08773756624494151	108267.61963475976	969.9428788173459
1.955	111.6226759319794	0.08773756624494151	108267.61963475976	969.9428788173459
1.96	111.71011589573853	-0.04403840624510885	110648.94532530675	990.5006761301528
1.965	111.71011589573853	-0.04403840624510885	110648.94532530675	990.5006761301528
1.97	111.61248484136021	-0.04924938804750905	109418.75091912251	980.3450848231203
1.975	111.61248484136021	-0.04924938804750905	109418.75091912251	980.3450848231203
1.98	111.58228092109096	0.03273067369709452	111364.97421791282	998.0524981082632
1.985	111.58228092109096	0.03273067369709452	111364.97421791282	998.0524981082632
1.99	111.53697791178824	-0.029343164819907702	110174.49260272972	987.7844519856358
1.995	111.53697791178824	-0.029343164819907702	110174.49260272972	987.7844519856358
2.0	111.6990385690527	-0.018846003854482166	109788.5311060005	982.8959363703823
2.005	111.6990385690527	-0.018846003854482166	109788.5311060005	982.8959363703823
2.0100000000000002	111.74516667693423	-0.0033796871684943037	110661.51490224211	990.3024729666826
2.015	111.74516667693423	-0.0033796871684943037	110661.51490224211	990.3024729666826
2.02	111.76170632749188	0.05923475061651579	109492.80813276685	979.6987870954962
2.025	111.76170632749188	0.05923475061651579	109492.80813276685	979.6987870954962
2.0300000000000002	111.68370508245793	0.0055828027352308185	110978.51099838545	993.6857925374895
2.035	111.68370508245793	0.0055828027352308185	110978.51099838545	993.6857925374895
2.04	111.69722585914604	-0.010891532139043314	110369.73998680493	988.11531922901
2.045	111.69722585914604	-0.010891532139043314	110369.73998680493	988.11531922901
2.05	111.65555936153868	0.006209731616235742	110324.23199994773	988.0764794050233
2.055	111.65555936153868	0.006209731616235742	110324.23199994773	988.0764794050233
2.06	111.61355991353511	0.1218327568799467	111077.84345562158	995.2002565071077
2.065	111.61355991353511	0.1218327568799467	111077.84345562158	995.2002565071077
2.07	111.52776417438861	0.07653727250432363	109851.10149097403	984.9664099713065
2.075	111.52776417438861	0.07653727250432363	109851.10149097403	984.9664099713065
2.08	111.65340093952666	0.08598692524105249	110883.50883122737	993.1046246525327
2.085	111.65340093952666	0.08598692524105249	110883.50883122737	993.1046246525327
2.09	111.56194330253227	0.0684434953649635	109429.63147156077	980.8867453555455
2.095	111.56194330253227	0.0684434953649635	109429.63147156077	980.8867453555455
2.1	111.47754686540891	0.026411406819215145	107928.93189771066	968.1674465622873
2.105	111.47754686540891	0.026411406819215145	107928.93189771066	968.1674465622873
2.11	111.60076883983598	0.04069554401747987	110801.03424545708	992.8339687737579
2.115	111.60076883983598	0.04069554401747987	110801.03424545708	992.8339687737579
2.12	111.74692159088275	0.20763562291784377	109856.3085151792	983.0812961217375
2.125	111.74692159088275	0.20763562291784377	109856.3085151792	983.0812961217375
2.13	111.68117332705194	0.10013854775508903	111000.50506892236	993.9052551307257
2.1350000000000002	111.68117332705194	0.10013854775508903	111000.50506892236	993.9052551307257
2.14	111.43281679406023	0.07799207088188334	109990.58425956516	987.0573806174131
2.145	111.43281679406023	0.07799207088188334	109990.58425956516	987.0573806174131
2.15	111.40302269084877	0.11255021425636814	108996.51616834864	978.398193654239
2.1550000000000002	111.40302269084877	0.11255021425636814	108996.51616834864	978.398193654239
2.16	111.47432782257215	0.06760019195812311	110004.13364829091	986.8113654237839
2.165	111.47432782257215	0.06760019195812311	110004.13364829091	986.8113654237839
2.17	111.16323144694547	0.13834251596609815	108724.38189069364	978.060645372514
2.1750000000000003	111.16323144694547	0.13834251596609815	108724.38189069364	978.060645372514
2.18	111.41802548095036	0.014042941674132583	110013.06556118847	987.3901919038934
2.185	111.41802548095036	0.014042941674132583	110013.06556118847	987.3901919038934
2.19	111.37501157735933	0.09351307092195899	109564.78951762675	983.7466049691476
2.195	111.37501157735933	0.09351307092195899	109564.78951762675	983.7466049691476
2.2	111.42279364379553	0.0056318768477798984	108993.4097519477	978.1967063255096
2.205	111.42279364379553	0.0056318768477798984	108993.4097519477	978.1967063255096
2.21	111.63473210449884	-0.0768497639475711	110688.80829671513	991.5266172995492
2.215	111.63473210449884	-0.0768497639475711	110688.80829671513	991.5266172995492
2.22	111.63807555652143	-0.05953085246293257	110179.23899051014	986.9324461323888
2.225	111.63807555652143	-0.05953085246293257	110179.23899051014	986.9324461323888
2.23	111.58779730434576	-0.03894858539021577	111143.2082727319	996.015791669395
2.235	111.58779730434576	-0.03894858539021577	111143.2082727319	996.015791669395
2.24	111.37905092514383	-0.18825304802932086	109647.5843577998	984.4542887287869
2.245	111.37905092514383	-0.18825304802932086	109647.5843577998	984.4542887287869
2.25	111.4355781831256	0.007376273896262434	108365.5664589293	972.4503450850208
2.255	111.4355781831256	0.007376273896262434	108365.5664589293	972.4503450850208
2.2600000000000002	111.35894965744313	-0.049401654977703935	110360.2510244919	991.0317164805938
2.265	111.35894965744313	-0.049401654977703935	110360.2510244919	991.0317164805938
2.27	111.44792895222932	-0.2005817337343993	109042.52422963968	978.4167840066307
2.275	111.44792895222932	-0.2005817337343993	109042.52422963968	978.4167840066307
2.2800000000000002	111.54113849728698	-0.18114605137328274	111306.48984189662	997.8963039238113
2.285	111.54113849728698	-0.18114605137328274	111306.48984189662	997.8963039238113
2.29	111.48191882113963	-0.037751274416752335	110801.4103949488	993.8957955389822
2.295	111.48191882113963	-0.037751274416752335	110801.4103949488	993.8957955389822
2.3000000000000003	111.41893157191235	-0.07412465199650077	109682.85081166678	984.4184400644241
2.305	111.41893157191235	-0.07412465199650077	109682.85081166678	984.4184400644241
2.31	111.45849510770906	-0.09355714013538714	110294.3054235136	989.5549488348066
2.315	111.45849510770906	-0.09355714013538714	110294.3054235136	989.5549488348066
2.32	111.27201371255285	-0.09073770854417527	109115.58445026366	980.6202009800968
2.325	111.27201371255285	-0.09073770854417527	109115.58445026366	980.6202009800968
2.33	111.31578256571468	-0.04281601121917853	111470.36708943911	1001.3887026633727
2.335	111.31578256571468	-0.04281601121917853	111470.36708943911	1001.3887026633727
2.34	111.40267776679349	-0.10299191156727065	110712.58470582656	993.8054176542188
2.345	111.40267776679349	-0.10299191156727065	110712.58470582656	993.8054176542188
2.35	111.42336090465645	-0.061247391736305626	109670.87314586493	984.2718102867934
2.355	111.42336090465645	-0.061247391736305626	109670.87314586493	984.2718102867934
2.36	111.33771447101934	-0.023263978195148135	109479.08995769174	983.3064247621915
2.365	111.33771447101934	-0.023263978195148135	109479.08995769174	983.3064247621915
2.37	111.18997628627366	0.13733090477587884	107887.33919357907	970.2973487089204
2.375	111.18997628627366	0.13733090477587884	107887.33919357907	970.2973487089204
2.38	111.18499052583299	0.12141640606270278	110997.26027998628	998.3115504623523
2.3850000000000002	111.18499052583299	0.12141640606270278	110997.26027998628	998.3115504623523
2.39	111.5270062009758	0.0528715027212142	110178.79761422629	987.9113711317599
2.395	111.5270062009758	0.0528715027212142	110178.79761422629	987.9113711317599
2.4	111.34321397511215	0.15538792731696324	109142.68581485892	980.2365309775853
2.4050000000000002	111.34321397511215	0.15538792731696324	109142.68581485892	980.2365309775853
2.41	111.47021252023654	0.08970729697039768	110362.09535845788	990.0590737496128
2.415	111.47021252023654	0.08970729697039768	110362.09535845788	990.0590737496128
2.42	111.52516211871405	-0.09403519293768503	109305.4866577229	980.0970882371066
2.4250000000000003	111.52516211871405	-0.09403519293768503	109305.4866577229	980.0970882371066
2.43	110.88324119909495	-0.100230944374932	110788.44774166684	999.1451056408252
2.435	110.88324119909495	-0.100230944374932	110788.44774166684	999.1451056408252
2.44	111.27302940244893	-0.1612731107535588	110978.2867761501	997.3511764002325
2.445	111.27302940244893	-0.1612731107535588	110978.2867761501	997.3511764002325
2.45	111.00404930365623	-0.32975448787626516	110166.56771261488	992.4553960301901
2.455	111.00404930365623	-0.32975448787626516	110166.56771261488	992.4553960301901
2.46	111.08055610190583	-0.10627313261646769	110101.5539204265	991.1865567131192
2.465	111.08055610190583	-0.10627313261646769	110101.5539204265	991.1865567131192
2.47	110.87798760273601	-0.014479820441185606	108670.36161983007	980.0895918961332
2.475	110.87798760273601	-0.014479820441185606	108670.36161983007	980.0895918961332
2.48	111.05047389806408	0.10434782983330829	109773.5466162243	988.5013792646043
2.485	111.05047389806408	0.10434782983330829	109773.5466162243	988.5013792646043
2.49	111.09821755552962	0.053372473584494255	107963.06091931627	971.7803156054567
2.495	111.09821755552962	0.053372473584494255	107963.06091931627	971.7803156054567
2.5	111.16869800240661	-0.28034481007283735	107078.89201222124	963.2108132624091
2.505	111.16869800240661	-0.28034481007283735	107078.89201222124	963.2108132624091
2.5100000000000002	111.29034900862747	-0.3241574012907949	109099.44560489693	980.3136262645676
2.515	111.29034900862747	-0.3241574012907949	109099.44560489693	980.3136262645676
2.52	111.02608735340256	-0.03645627982621384	108414.75332779184	976.4799959373629
2.525	111.02608735340256	-0.03645627982621384	108414.75332779184	976.4799959373629
2.5300000000000002	111.36446072142901	-0.10741874967688866	110431.79338107348	991.6250899585592
2.535	111.36446072142901	-0.10741874967688866	110431.79338107348	991.6250899585592
2.54	111.19348785123796	-0.01681383819308908	109310.95607876834	983.0697659651778
2.545	111.19348785123796	-0.01681383819308908	109310.95607876834	983.0697659651778
2.5500000000000003	111.44298221997109	0.06044574049521973	108003.39072256692	969.135862762404
2.555	111.44298221997109	0.06044574049521973	108003.39072256692	969.135862762404
2.56	111.40659240357269	0.007984342972891065	109630.23601762777	984.055195050666
2.565	111.40659240357269	0.007984342972891065	109630.23601762777	984.055195050666
2.57	111.32093798153409	-0.12040144991137296	108545.31065071926	975.0664396011894
2.575	111.32093798153409	-0.12040144991137296	108545.31065071926	975.0664396011894
2.58	111.47762078908896	0.014302832061512588	110566.99613251658	991.8313231828365
2.585	111.47762078908896	0.014302832061512588	110566.99613251658	991.8313231828365
2.59	111.728260453981	-0.0036928306362693166	110531.82291193998	989.2915405898241
2.595	111.728260453981	-0.0036928306362693166	110531.82291193998	989.2915405898241
2.6	111.40423871238399	0.022289657713050637	109731.73100890868	984.9870370929667
2.605	111.40423871238399	0.022289657713050637	109731.73100890868	984.9870370929667
2.61	111.31156606077339	0.052678087955460605	110723.2781661266	994.7149436894492
2.615	111.31156606077339	0.052678087955460605	110723.2781661266	994.7149436894492
2.62	111.24506612575252	0.1753611947296445	109040.13495805392	980.1795149709731
2.625	111.24506612575252	0.1753611947296445	109040.13495805392	980.1795149709731
2.63	111.32005275092828	-0.09832868312861037	110648.159111139	993.9643072098376
2.6350000000000002	111.32005275092828	-0.09832868312861037	110648.159111139	993.9643072098376
2.64	111.59476860697872	0.008997507319097896	109854.6054328154	984.4064090468978
2.645	111.59476860697872	0.008997507319097896	109854.6054328154	984.4064090468978
2.65	111.4188733368665	0.13889520864298907	109481.34688614002	982.6104286221912
2.6550000000000002	111.4188733368665	0.13889520864298907	109481.34688614002	982.6104286221912
2.66	111.27886176413485	0.11631048193131553	110165.70193430751	989.9966641266803
2.665	111.27886176413485	0.11631048193131553	110165.70193430751	989.9966641266803
2.67	111.39670690027567	0.04271241668984448	108948.95334680422	978.0266973631211
2.6750000000000003	111.39670690027567	0.04271241668984448	108948.95334680422	978.0266973631211
2.68	111.5998210808056	0.0021553703300788607	111126.90629914828	995.7624055569507
2.685	111.5998210808056	0.0021553703300788607	111126.90629914828	995.7624055569507
2.69	111.64602202578968	0.09668716307611519	110240.96436685097	987.415067429683
2.695	111.64602202578968	0.09668716307611519	110240.96436685097	987.415067429683
2.7	111.4801497420555	0.10071696243183821	109622.19599723334	983.3337706387988
2.705	111.4801497420555	0.10071696243183821	109622.19599723334	983.3337706387988
2.71	111.18527757333288	0.1350741592822683	110335.20761024203	992.3544737069151
2.715	111.18527757333288	0.1350741592822683	110335.20761024203	992.3544737069151
2.72	111.03972072020946	-0.03606079216532302	109152.84024604625	983.0071576015789
2.725	111.03972072020946	-0.03606079216532302	109152.84024604625	983.0071576015789
2.73	110.69488783479095	0.5420451562759636	110481.62500399872	998.0734175266474
2.735	110.69488783479095	0.5420451562759636	110481.62500399872	998.0734175266474
2.74	110.98329717925725	0.3434938505591944	110044.16152345238	991.5380450962093
2.745	110.98329717925725	0.3434938505591944	110044.16152345238	991.5380450962093
2.75	111.1840319708621	0.015516179762397048	109189.79993171751	982.0636830325851
2.755	111.1840319708621	0.015516179762397048	109189.79993171751	982.0636830325851
2.7600000000000002	111.44521284209719	0.1195333926897357	110801.86957960314	994.2272687530726
2.765	111.44521284209719	0.1195333926897357	110801.86957960314	994.2272687530726
2.77	111.41362337358224	0.1169711125083209	109661.37633844563	984.2725962761201
2.775	111.41362337358224	0.1169711125083209	109661.37633844563	984.2725962761201
2.7800000000000002	111.59871464136647	-0.005237714199675772	111246.06798924047	996.840047367398
2.785	111.59871464136647	-0.005237714199675772	111246.06798924047	996.840047367398
2.79	111.34543629366922	-0.14558817704694835	110932.87272198946	996.2947419722561
2.795	111.34543629366922	-0.14558817704694835	110932.87272198946	996.2947419722561
2.8000000000000003	111.50843265406836	0.056561006799906235	109355.49486113901	980.6926010734239
2.805	111.50843265406836	0.056561006799906235	109355.49486113901	980.6926010734239
2.81	111.30740138659515	0.076050246274142	110965.66668526121	996.929811521275
2.815	111.30740138659515	0.076050246274142	110965.66668526121	996.929811521275
2.82	111.2951444586322	-0.04682617918234903	109474.35090297306	983.6399551434527
2.825	111.2951444586322	-0.04682617918234903	109474.35090297306	983.6399551434527
2.83	110.93759780538095	-0.07930271497656571	110639.91933788187	997.3167035037005
2.835	110.93759780538095	-0.07930271497656571	110639.91933788187	997.3167035037005
2.84	111.09037868221164	-0.1244247122839257	109589.66155273514	986.49102516997
2.845	111.09037868221164	-0.1244247122839257	109589.66155273514	986.49102516997
2.85	111.3603200255919	-0.09740921097914274	110208.95964033062	989.6609457929297
2.855	111.3603200255919	-0.09740921097914274	110208.95964033062	989.6609457929297
2.86	111.32278011743225	0.10498370931014074	109961.32411860608	987.770194048424
2.865	111.32278011743225	0.10498370931014074	109961.32411860608	987.770194048424
2.87	111.29381116702201	0.03316131722772455	108684.08893794734	976.5510570470249
2.875	111.29381116702201	0.03316131722772455	108684.08893794734	976.5510570470249
2.88	111.53329916656573	0.02301087162335706	110973.09997385913	994.9772920115097
2.8850000000000002	111.53329916656573	0.02301087162335706	110973.09997385913	994.9772920115097
2.89	111.47230207338315	-0.01006002401027218	110151.39597425623	988.1503649376745
2.895	111.47230207338315	-0.01006002401027218	110151.39597425623	988.1503649376745
2.9	111.64705045706671	-0.00019095378121053688	108986.17864283986	976.1671105207561
2.9050000000000002	111.64705045706671	-0.00019095378121053688	108986.17864283986	976.1671105207561
2.91	111.53084985774089	-0.03332826854156317	110131.0762252375	987.4494488808358
2.915	111.53084985774089	-0.03332826854156317	110131.0762252375	987.4494488808358
2.92	111.53509261048637	-0.046422486815666145	109217.83536926925	979.223962727949
2.9250000000000003	111.53509261048637	-0.046422486815666145	109217.83536926925	979.223962727949
2.93	111.42420146794116	-0.03814676918741626	111131.87458342068	997.3764507111626
2.935	111.42420146794116	-0.03814676918741626	111131.87458342068	997.3764507111626
2.94	111.61896554100495	-0.03970023830923971	109977.11453719126	985.2905731937594
2.945	111.61896554100495	-0.03970023830923971	109977.11453719126	985.2905731937594
2.95	111.64713898744851	0.010262458663684365	108410.30504666749	971.008357490066
2.955	111.64713898744851	0.010262458663684365	108410.30504666749	971.008357490066
2.96	111.67239987900703	0.046075027287162874	110505.86528095664	989.5539578327832
2.965	111.67239987900703	0.046075027287162874	110505.86528095664	989.5539578327832
2.97	111.61153236240142	-0.0513101795103411	109650.80729997752	982.4325943661677
2.975	111.61153236240142	-0.0513101795103411	109650.80729997752	982.4325943661677
2.98	111.69957637244956	-0.0021686118617500116	111121.68858630791	994.8264102254537
2.985	111.69957637244956	-0.0021686118617500116	111121.68858630791	994.8264102254537
2.99	111.7075131947241	0.11876399231176087	110597.55704959607	990.0637288094205
2.995	111.7075131947241	0.11876399231176087	110597.55704959607	990.0637288094205
3.0	111.56381302642012	0.026395275394356182	109745.91802521524	983.7053346251766
3.005	111.56381302642012	0.026395275394356182	109745.91802521524	983.7053346251766
3.0100000000000002	111.23635352043857	-0.10686825782856356	110257.26028127392	991.1980822080369
3.015	111.23635352043857	-0.10686825782856356	110257.26028127392	991.1980822080369
3.02	111.3512153094139	-0.16290107801991963	109592.66735197665	984.2071956507099
3.025	111.3512153094139	-0.16290107801991963	109592.66735197665	984.2071956507099
3.0300000000000002	111.22368278427837	0.11782135050602736	111007.74722162278	998.0585469097044
3.035	111.22368278427837	0.11782135050602736	111007.74722162278	998.0585469097044
3.04	111.31965514865442	-0.04322169571019595	109886.17056781918	987.1228079271268
3.045	111.31965514865442	-0.04322169571019595	109886.17056781918	987.1228079271268
3.0500000000000003	110.98365905805278	-0.06233248832082929	109314.63729965877	984.9615540471505
3.055	110.98365905805278	-0.06233248832082929	109314.63729965877	984.9615540471505
3.06	111.39195408997688	-0.12416606484006434	109988.17143514268	987.3978092376376
3.065	111.39195408997688	-0.12416606484006434	109988.17143514268	987.3978092376376
3.0700000000000003	111.54593102049355	-0.026869239191121344	109127.52018809272	978.319147903687
3.075	111.54593102049355	-0.026869239191121344	109127.52018809272	978.319147903687
3.08	111.54705167027117	-0.038352445589293016	110706.81811282721	992.4674516729706
3.085	111.54705167027117	-0.038352445589293016	110706.81811282721	992.4674516729706
3.09	111.42102335973756	0.027706410756885194	109014.24785703323	978.3992694544391
3.095	111.42102335973756	0.027706410756885194	109014.24785703323	978.3992694544391
3.1	111.55823023883056	0.0683115755841827	107443.93825303396	963.1197807908169
3.105	111.55823023883056	0.0683115755841827	107443.93825303396	963.1197807908169
3.11	111.14436599225752	0.03432412106459858	110281.97604861262	992.2408127848335
3.115	111.14436599225752	0.03432412106459858	110281.97604861262	992.2408127848335
3.12	111.31149943354502	0.023420571150321073	109525.2776160776	983.9529444257121
3.125	111.31149943354502	0.023420571150321073	109525.2776160776	983.9529444257121
3.13	111.29090471257118	-0.008679380465453511	110279.2951450958	990.9102224473056
3.1350000000000002	111.29090471257118	-0.008679380465453511	110279.2951450958	990.9102224473056
3.14	111.3855964366018	-0.012147381105790504	108940.95296702912	978.0524273534404
3.145	111.3855964366018	-0.012147381105790504	108940.95296702912	978.0524273534404
3.15	111.3384294420516	-0.08881689675983533	108152.18618541808	971.3823585207668
3.1550000000000002	111.3384294420516	-0.08881689675983533	108152.18618541808	971.3823585207668
3.16	111.16440355106091	-0.5507074528577439	111007.39589720739	998.5876085434004
3.165	111.16440355106091	-0.5507074528577439	111007.39589720739	998.5876085434004
3.17	111.42401208019207	-0.06448949566774013	109457.56974787197	982.3517184886069
3.1750000000000003	111.42401208019207	-0.06448949566774013	109457.56974787197	982.3517184886069
3.18	111.4102928993942	0.0023846524181880017	111735.30985576294	1002.9172973870757
3.185	111.4102928993942	0.0023846524181880017	111735.30985576294	1002.9172973870757
3.19	111.29329473286835	0.054857603858880645	110604.36666938188	993.8097972106938
3.1950000000000003	111.29329473286835	0.054857603858880645	110604.36666938188	993.8097972106938
3.2	111.60118121967322	-0.05645129266140936	109969.26722072554	985.3772694776817
3.205	111.60118121967322	-0.05645129266140936	109969.26722072554	985.3772694776817
3.21	111.6816797159731	-0.005963123824198204	111223.30798767816	995.8957303520087
3.215	111.6816797159731	-0.005963123824198204	111223.30798767816	995.8957303520087
3.22	111.71963346976382	0.05958703784272229	110421.92971365147	988.3842820119567
3.225	111.71963346976382	0.05958703784272229	110421.92971365147	988.3842820119567
3.23	111.534615562065	-0.06588311940168053	111219.76170313226	997.177074961472
3.235	111.534615562065	-0.06588311940168053	111219.76170313226	997.177074961472
3.24	111.50974601242321	0.013839708941168354	110370.86619148686	989.7867239262705
3.245	111.50974601242321	0.013839708941168354	110370.86619148686	989.7867239262705
3.25	111.13916918841069	-0.07112837073944137	109426.30155637654	984.5880831704762
3.255	111.13916918841069	-0.07112837073944137	109426.30155637654	984.5880831704762
3.2600000000000002	111.39475099825556	-0.18155113976643691	110468.58043640618	991.6856893745031
3.265	111.39475099825556	-0.18155113976643691	110468.58043640618	991.6856893745031
3.27	111.15063431418632	3.466486176615357e-05	110120.86476045668	990.7353695272775
3.275	111.15063431418632	3.466486176615357e-05	110120.86476045668	990.7353695272775
3.2800000000000002	111.2004296149333	0.04772393816108674	110511.19187304428	993.8018428141356
3.285	111.2004296149333	0.04772393816108674	110511.19187304428	993.8018428141356
3.29	111.40964104605878	-0.1480697804480633	110014.71651997029	987.479319446763
3.295	111.40964104605878	-0.1480697804480633	110014.71651997029	987.479319446763
3.3000000000000003	111.47134403430026	-0.03085577538622691	108712.44266459107	975.2501291375811
3.305	111.47134403430026	-0.03085577538622691	108712.44266459107	975.2501291375811
3.31	111.53543586269029	-0.013581921645784463	110494.53697204497	990.6675498903617
3.315	111.53543586269029	-0.013581921645784463	110494.53697204497	990.6675498903617
3.3200000000000003	111.49319169277396	-0.08678707576763102	110212.10798217566	988.5097583884008
3.325	111.49319169277396	-0.08678707576763102	110212.10798217566	988.5097583884008
3.33	111.2788394001504	0.006367629100341134	111044.473758246	997.8938885131462
3.335	111.2788394001504	0.006367629100341134	111044.473758246	997.8938885131462
3.34	111.4461266491447	0.014192410703063686	109613.06035564287	983.5519963894959
3.345	111.4461266491447	0.014192410703063686	109613.06035564287	983.5519963894959
3.35	111.5919897414724	0.004693162012016002	108286.2939438299	970.376943673996
3.355	111.5919897414724	0.004693162012016002	108286.2939438299	970.376943673996
3.36	111.68487085335443	0.08493190993378998	110632.62154792692	990.5784078238391
3.365	111.68487085335443	0.08493190993378998	110632.62154792692	990.5784078238391
3.37	111.61436030754784	0.08008635688484415	109516.90595070132	981.2080242088284
3.375	111.61436030754784	0.08008635688484415	109516.90595070132	981.2080242088284
3.38	111.52996206852728	0.07449232761558779	111766.67099790848	1002.1223797174408
3.3850000000000002	111.52996206852728	0.07449232761558779	111766.67099790848	1002.1223797174408
3.39	111.51286412792167	-0.03913230757553392	110653.3957860053	992.2926529720335
3.395	111.51286412792167	-0.03913230757553392	110653.3957860053	992.2926529720335
3.4	111.31645487139762	-0.011679612212376489	109961.96519663386	987.8320803844445
3.4050000000000002	111.31645487139762	-0.011679612212376489	109961.96519663386	987.8320803844445
3.41	111.39856414046157	0.08031491415914935	110512.31727987067	992.0443601097636
3.415	111.39856414046157	0.08031491415914935	110512.31727987067	992.0443601097636
3.42	111.39527776448492	-0.035768492724809454	109345.12514845401	981.595695462375
3.4250000000000003	111.39527776448492	-0.035768492724809454	109345.12514845401	981.595695462375
3.43	111.38522534510786	0.11772875392132474	110865.18799714897	995.3311819736625
3.435	111.38522534510786	0.11772875392132474	110865.18799714897	995.3311819736625
3.44	111.06902363250994	0.1917942483402985	109493.2619372945	985.8127708007131
3.4450000000000003	111.06902363250994	0.1917942483402985	109493.2619372945	985.8127708007131
3.45	111.62693496316115	0.03687893077312981	108487.78880797903	971.8782374861578
3.455	111.62693496316115	0.03687893077312981	108487.78880797903	971.8782374861578
3.46	111.49383092592556	-0.03355658338313512	110407.57917716746	990.257292805018
3.465	111.49383092592556	-0.03355658338313512	110407.57917716746	990.257292805018
3.47	111.37550056102636	0.021102883647317397	109366.05946438704	981.9579612525442
3.475	111.37550056102636	0.021102883647317397	109366.05946438704	981.9579612525442
3.48	111.42511157844183	-0.06026826236969006	111171.7036281295	997.7257554717912
3.485	111.42511157844183	-0.06026826236969006	111171.7036281295	997.7257554717912
3.49	111.4714194339637	-0.2213599524002194	110260.64832703791	989.1382821437646
3.495	111.4714194339637	-0.2213599524002194	110260.64832703791	989.1382821437646
3.5	111.55574146124384	-0.03771843839962862	109287.38355944205	979.6661483121436
3.505	111.55574146124384	-0.03771843839962862	109287.38355944205	979.6661483121436
3.5100000000000002	111.76054463936657	0.07642960538771919	110769.7266100535	991.134455970036
3.515	111.76054463936657	0.07642960538771919	110769.7266100535	991.134455970036
3.52	111.53021109125405	0.1195159269047586	109400.14107298118	980.9014078120049
3.525	111.53021109125405	0.1195159269047586	109400.14107298118	980.9014078120049
3.5300000000000002	111.4834292772525	0.05228914787472098	111547.35835226848	1000.5734401554603
3.535	111.4834292772525	0.05228914787472098	111547.35835226848	1000.5734401554603
3.54	111.50756170841983	0.06271004962325769	110737.66160867072	993.0955346170844
3.545	111.50756170841983	0.06271004962325769	110737.66160867072	993.0955346170844
3.5500000000000003	111.66444097948907	-0.06730326756705304	109815.59849231194	983.4428715985177
3.555	111.66444097948907	-0.06730326756705304	109815.59849231194	983.4428715985177
3.56	111.61107912013131	-0.04758599124062417	110738.39132243444	992.1809931005365
3.565	111.61107912013131	-0.04758599124062417	110738.39132243444	992.1809931005365
3.5700000000000003	111.6880717685884	-0.08967179403463804	110028.236564833	985.1386528796513
3.575	111.6880717685884	-0.08967179403463804	110028.236564833	985.1386528796513
3.58	111.69218713135737	-0.06384525524471281	111114.29063652788	994.8259899848692
3.585	111.69218713135737	-0.06384525524471281	111114.29063652788	994.8259899848692
3.59	111.79144795815843	-0.1367108679416524	109764.05752861737	981.864530189287
3.595	111.79144795815843	-0.1367108679416524	109764.05752861737	981.864530189287
3.6	111.89395481149492	-0.055314172649129585	109383.00559570277	977.5595632487716
3.605	111.89395481149492	-0.055314172649129585	109383.00559570277	977.5595632487716
3.61	111.65120853299395	-0.07328086364547703	111055.33434798692	994.6630744724009
3.615	111.65120853299395	-0.07328086364547703	111055.33434798692	994.6630744724009
3.62	111.63895056824951	-0.04856137558613289	109518.79442146186	981.0088133577402
3.625	111.63895056824951	-0.04856137558613289	109518.79442146186	981.0088133577402
3.63	111.54604974311184	-0.03221092515555139	111282.68445550128	997.6389546002116
3.6350000000000002	111.54604974311184	-0.03221092515555139	111282.68445550128	997.6389546002116
3.64	111.38299803191805	0.008775660971355714	110595.48205276803	992.9296571912678
3.645	111.38299803191805	0.008775660971355714	110595.48205276803	992.9296571912678
3.65	111.69555828312073	-0.052562446325825456	110509.77099025201	989.383756067873
3.6550000000000002	111.69555828312073	-0.052562446325825456	110509.77099025201	989.383756067873
3.66	111.70646658665716	0.03319188246357624	110930.41595187149	993.0527689354167
3.665	111.70646658665716	0.03319188246357624	110930.41595187149	993.0527689354167
3.67	111.64949365419595	0.06420590338423801	110024.95552548807	985.4496596846247
3.6750000000000003	111.64949365419595	0.06420590338423801	110024.95552548807	985.4496596846247
3.68	111.49069751713344	0.00031726092219357707	111333.18451964654	998.5872095072084
3.685	111.49069751713344	0.00031726092219357707	111333.18451964654	998.5872095072084
3.69	111.5697369771312	-0.05060492850095655	110824.85251041575	993.323597537313
3.6950000000000003	111.5697369771312	-0.05060492850095655	110824.85251041575	993.323597537313
3.7	111.56491357094507	-0.13361933772549442	110898.84769438603	994.0297907716705
3.705	111.56491357094507	-0.13361933772549442	110898.84769438603	994.0297907716705
3.71	111.60107833754384	-0.0366299505602217	111049.55968189456	995.0581243132689
3.715	111.60107833754384	-0.0366299505602217	111049.55968189456	995.0581243132689
3.72	111.59381965654732	-0.18713109720930662	110461.75038896076	989.8554483476707
3.725	111.59381965654732	-0.18713109720930662	110461.75038896076	989.8554483476707
3.73	111.55602201797466	0.048067972828517797	110657.62811442267	991.9467018696021
3.735	111.55602201797466	0.048067972828517797	110657.62811442267	991.9467018696021
3.74	111.61477085997194	-0.003951965982170946	109585.49371156652	981.8189193708844
3.745	111.61477085997194	-0.003951965982170946	109585.49371156652	981.8189193708844
3.75	111.27574044242837	-0.19789853506146116	107907.78039643628	969.7332048063558
3.755	111.27574044242837	-0.19789853506146116	107907.78039643628	969.7332048063558
3.7600000000000002	111.33712361324065	-0.007652041680226634	109739.41578898735	985.6498194636017
3.765	111.33712361324065	-0.007652041680226634	109739.41578898735	985.6498194636017
3.77	111.19006680790076	0.06078202766134283	108836.095719114	978.8293041243187
3.775	111.19006680790076	0.06078202766134283	108836.095719114	978.8293041243187
3.7800000000000002	111.05431954585227	-0.02766817640804629	110432.72936533326	994.4028275256564
3.785	111.05431954585227	-0.02766817640804629	110432.72936533326	994.4028275256564
3.79	111.21783480126832	-0.12698542457040415	109858.18246071487	987.7748713326152
3.795	111.21783480126832	-0.12698542457040415	109858.18246071487	987.7748713326152
3.8000000000000003	111.30761885807932	-0.08796676733831248	108668.01551755042	976.2855106630709
3.805	111.30761885807932	-0.08796676733831248	108668.01551755042	976.2855106630709
3.81	111.18062647944956	0.11039079454355423	110656.13357495618	995.2825152987393
3.815	111.18062647944956	0.11039079454355423	110656.13357495618	995.2825152987393
3.8200000000000003	111.2117158962403	-0.027459881392122503	110563.0543168621	994.1673269389764
3.825	111.2117158962403	-0.027459881392122503	110563.0543168621	994.1673269389764
3.83	111.24505751204019	-0.06996342116279843	111014.65182594521	997.928845638198
3.835	111.24505751204019	-0.06996342116279843	111014.65182594521	997.928845638198
3.84	111.47804362591596	0.046120739139938964	110437.41303487882	990.6651520138876
3.845	111.47804362591596	0.046120739139938964	110437.41303487882	990.6651520138876
3.85	111.56679183500076	-0.08288018302165372	109585.87011367742	982.2445219698261
3.855	111.56679183500076	-0.08288018302165372	109585.87011367742	982.2445219698261
3.86	111.48188574182737	-0.08535789333346855	110470.97760915906	990.9320861775751
3.865	111.48188574182737	-0.08535789333346855	110470.97760915906	990.9320861775751
3.87	111.59149500068104	-0.007147683355518665	110017.15370592356	985.8919239790822
3.875	111.59149500068104	-0.007147683355518665	110017.15370592356	985.8919239790822
3.88	111.39218248058823	0.000910795866904872	110770.91316603581	994.4226847816661
3.8850000000000002	111.39218248058823	0.000910795866904872	110770.91316603581	994.4226847816661
3.89	111.1844508545185	0.043885747604778834	109869.92179167256	988.1770422685636
3.895	111.1844508545185	0.043885747604778834	109869.92179167256	988.1770422685636
3.9	111.11114965142383	0.2788004125972289	109230.7080358895	983.0760313304866
3.9050000000000002	111.11114965142383	0.2788004125972289	109230.7080358895	983.0760313304866
3.91	110.85339006088188	0.05510248967948385	109259.69299421605	985.6233799815183
3.915	110.85339006088188	0.05510248967948385	109259.69299421605	985.6233799815183
3.92	111.40150537114688	0.32931246195362757	107682.11399608012	966.6127368505913
3.9250000000000003	111.40150537114688	0.32931246195362757	107682.11399608012	966.6127368505913
3.93	111.4137915166228	-0.06028099989994507	111036.25064018533	996.6113631777702
3.935	111.4137915166228	-0.06028099989994507	111036.25064018533	996.6113631777702
3.94	111.3324541098425	-0.03430395823754585	109836.63197782144	986.5643657639555
3.9450000000000003	111.3324541098425	-0.03430395823754585	109836.63197782144	986.5643657639555
3.95	111.06655498599243	0.05718063444547737	108947.46371646802	980.9205276080485
3.955	111.06655498599243	0.05718063444547737	108947.46371646802	980.9205276080485
3.96	111.10658943851404	-0.11834627931769268	110744.67788566026	996.7426634668319
3.9650000000000003	111.10658943851404	-0.11834627931769268	110744.67788566026	996.7426634668319
3.97	111.33628805486443	-0.03959914706302536	109882.02401110502	986.9380947652686
3.975	111.33628805486443	-0.03959914706302536	109882.02401110502	986.9380947652686
3.98	111.25585924274004	0.024596225890609894	110701.26865452672	995.0151785983396
3.985	111.25585924274004	0.024596225890609894	110701.26865452672	995.0151785983396
3.99	111.34687608632406	0.13144884810446927	109560.1436641975	983.9534571159288
3.995	111.34687608632406	0.13144884810446927	109560.1436641975	983.9534571159288
4.0	111.19593661141802	0.12482324893837322	108466.3845737074	975.4527717388701
4.005	111.19593661141802	0.12482324893837322	108466.3845737074	975.4527717388701
4.01	111.46233049312846	-0.06728794956361281	110888.29045894857	994.849918966881
4.015	111.46233049312846	-0.06728794956361281	110888.29045894857	994.849918966881
4.0200000000000005	111.26048764328682	-0.022527663753979552	110134.09096848912	989.8760404645263
4.025	111.26048764328682	-0.022527663753979552	110134.09096848912	989.8760404645263
4.03	111.45215140019712	0.006647492992106828	110539.09504486996	991.8076381311957
4.035	111.45215140019712	0.006647492992106828	110539.09504486996	991.8076381311957
4.04	111.29420044291646	0.03992157466180413	109164.25749424567	980.8620490538207
4.045	111.29420044291646	0.03992157466180413	109164.25749424567	980.8620490538207
4.05	111.30318146136946	0.11569379215107815	108849.4492876275	977.9545189856628
4.055	111.30318146136946	0.11569379215107815	108849.4492876275	977.9545189856628
4.0600000000000005	111.15434595793894	0.18864673688630296	110290.49890705082	992.2284005772027
4.065	111.15434595793894	0.18864673688630296	110290.49890705082	992.2284005772027
4.07	111.43449882789523	0.22584407690793826	109038.37006921196	978.4974241919106
4.075	111.43449882789523	0.22584407690793826	109038.37006921196	978.4974241919106
4.08	111.52293775509538	-0.016599475948024207	111375.28345300736	998.6760185387845
4.085	111.52293775509538	-0.016599475948024207	111375.28345300736	998.6760185387845
4.09	111.37150705320569	0.016265687763639083	110023.61856472315	987.8973668926055
4.095	111.37150705320569	0.016265687763639083	110023.61856472315	987.8973668926055
4.1	111.32954040814535	0.004459891964877132	109000.56768143288	979.0803705990861
4.105	111.32954040814535	0.004459891964877132	109000.56768143288	979.0803705990861
4.11	111.42543581287129	0.07457069791746458	110023.39100481289	987.4171925123721
4.115	111.42543581287129	0.07457069791746458	110023.39100481289	987.4171925123721
4.12	111.62812125424905	0.08218306992940723	109789.4296056412	983.5284189328962
4.125	111.62812125424905	0.08218306992940723	109789.4296056412	983.5284189328962
4.13	111.55784693733007	0.08406781328504866	111163.71184150982	996.466989040747
4.135	111.55784693733007	0.08406781328504866	111163.71184150982	996.466989040747
4.14	111.11630575902858	0.01859811878265355	109602.39403100513	986.3754314213202
4.1450000000000005	111.11630575902858	0.01859811878265355	109602.39403100513	986.3754314213202
4.15	111.24902233768911	0.11393680294663415	109008.95652593196	979.8644000218036
4.155	111.24902233768911	0.11393680294663415	109008.95652593196	979.8644000218036
4.16	111.28742371149855	0.1091237809408795	110392.04458794008	991.9543548255763
4.165	111.28742371149855	0.1091237809408795	110392.04458794008	991.9543548255763
4.17	111.1845546033658	-0.13675667922051024	107929.82843762472	970.7268138335237
4.175	111.1845546033658	-0.13675667922051024	107929.82843762472	970.7268138335237
4.18	111.17628710270466	0.09318662962399996	110528.29966785308	994.1715319719845
4.1850000000000005	111.17628710270466	0.09318662962399996	110528.29966785308	994.1715319719845
4.19	111.20836665020632	0.005600282913387298	109275.30012195451	982.6176160438354
4.195	111.20836665020632	0.005600282913387298	109275.30012195451	982.6176160438354
4.2	110.97319454261023	-0.05709297940938089	107961.34075974642	972.8596279914484
4.205	110.97319454261023	-0.05709297940938089	107961.34075974642	972.8596279914484
4.21	111.25506043076106	-0.06362947388125272	109777.4377690176	986.7186026772863
4.215	111.25506043076106	-0.06362947388125272	109777.4377690176	986.7186026772863
4.22	111.05934888901342	0.09794762333221703	109009.09478790183	981.5391129011526
4.225	111.05934888901342	0.09794762333221703	109009.09478790183	981.5391129011526
4.23	111.18918431101719	0.027047089571039205	110368.24704744652	992.6167525316639
4.235	111.18918431101719	0.027047089571039205	110368.24704744652	992.6167525316639
4.24	110.99387652079245	-0.12541468231069852	108824.37872419423	980.4538965157074
4.245	110.99387652079245	-0.12541468231069852	108824.37872419423	980.4538965157074
4.25	111.07342000180545	-0.1492911964155028	107987.3660947512	972.2160899790058
4.255	111.07342000180545	-0.1492911964155028	107987.3660947512	972.2160899790058
4.26	111.13917752007733	-0.03716298361907263	110489.30582042057	994.1526317347511
4.265	111.13917752007733	-0.03716298361907263	110489.30582042057	994.1526317347511
4.2700000000000005	111.26691856697913	-0.009318165865985491	109194.83052678227	981.3773216075044
4.275	111.26691856697913	-0.009318165865985491	109194.83052678227	981.3773216075044
4.28	111.0495832820157	0.11247673875355665	110088.90089112312	991.3490680243899
4.285	111.0495832820157	0.11247673875355665	110088.90089112312	991.3490680243899
4.29	111.22047386898717	0.0014029257200596024	109184.52733955323	981.6944986960567
4.295	111.22047386898717	0.0014029257200596024	109184.52733955323	981.6944986960567
4.3	111.4120712433487	0.2250739281150243	107493.36964449777	964.8269567640331
4.305	111.4120712433487	0.2250739281150243	107493.36964449777	964.8269567640331
4.3100000000000005	111.29416156562381	-0.028796258521284025	110708.38552894237	994.7366867368326
4.315	111.29416156562381	-0.028796258521284025	110708.38552894237	994.7366867368326
4.32	111.36614004159757	0.014139051689046282	109977.75820693908	987.533178090397
4.325	111.36614004159757	0.014139051689046282	109977.75820693908	987.533178090397
4.33	111.49052485121604	0.034515733635284554	110873.64847263254	994.4670062374653
4.335	111.49052485121604	0.034515733635284554	110873.64847263254	994.4670062374653
4.34	111.39555896066966	-0.041747385259973985	109461.72315789388	982.6399201115498
4.345	111.39555896066966	-0.041747385259973985	109461.72315789388	982.6399201115498
4.3500000000000005	111.46202354718034	0.05835704148180551	109129.67092836194	979.0749122921571
4.355	111.46202354718034	0.05835704148180551	109129.67092836194	979.0749122921571
4.36	111.4944356865633	0.019626506247859256	110210.3467210441	988.482932286154
4.365	111.4944356865633	0.019626506247859256	110210.3467210441	988.482932286154
4.37	111.58171296626757	0.07094977948396594	110587.35557767261	991.0885273028964
4.375	111.58171296626757	0.07094977948396594	110587.35557767261	991.0885273028964
4.38	111.48777389280632	-0.013399289833447882	111377.15602757863	999.0078027270143
4.385	111.48777389280632	-0.013399289833447882	111377.15602757863	999.0078027270143
4.39	111.41715695264115	0.02961282533910124	110028.68898438281	987.5381134626465
4.3950000000000005	111.41715695264115	0.02961282533910124	110028.68898438281	987.5381134626465
4.4	111.28746000535288	-0.03192169824221853	109084.5119095204	980.204884757667
4.405	111.28746000535288	-0.03192169824221853	109084.5119095204	980.204884757667
4.41	111.6666228888982	-0.1021316368833233	110611.50397459863	990.5511701974784
4.415	111.6666228888982	-0.1021316368833233	110611.50397459863	990.5511701974784
4.42	111.44501456911084	-0.1094046006958004	109660.91323744328	983.9911965684101
4.425	111.44501456911084	-0.1094046006958004	109660.91323744328	983.9911965684101
4.43	111.2046444039533	-0.21571319854262241	111009.93895886115	998.2491248802085
4.4350000000000005	111.2046444039533	-0.21571319854262241	111009.93895886115	998.2491248802085
4.44	111.31884793936085	-0.2055307897057212	109744.10243719016	985.8537387754093
4.445	111.31884793936085	-0.2055307897057212	109744.10243719016	985.8537387754093
4.45	111.34707672432229	0.0237311917541405	109058.92873882275	979.4503093137807
4.455	111.34707672432229	0.0237311917541405	109058.92873882275	979.4503093137807
4.46	111.6332898692131	0.0584852977406889	110844.42280945001	992.9334066864168
4.465	111.6332898692131	0.0584852977406889	110844.42280945001	992.9334066864168
4.47	111.64384452196653	0.009878888623165534	109241.43092524151	978.4814504820074
4.4750000000000005	111.64384452196653	0.009878888623165534	109241.43092524151	978.4814504820074
4.48	111.74936661802207	0.04826120652140256	111055.4581276297	993.7904928556395
4.485	111.74936661802207	0.04826120652140256	111055.4581276297	993.7904928556395
4.49	111.6591694234832	0.013315918278231625	110011.37723020656	985.2426612002891
4.495	111.6591694234832	0.013315918278231625	110011.37723020656	985.2426612002891
4.5	111.5554712740177	0.05096928680503862	109490.3005160209	981.4874991391139
4.505	111.5554712740177	0.05096928680503862	109490.3005160209	981.4874991391139
4.51	111.58930807698532	-0.0841103030833851	110486.07247637116	990.113429148131
4.515	111.58930807698532	-0.0841103030833851	110486.07247637116	990.113429148131
4.5200000000000005	111.49350325764023	-0.015436812439433446	109760.27041099351	984.4544050011457
4.525	111.49350325764023	-0.015436812439433446	109760.27041099351	984.4544050011457
4.53	111.69196192690674	-0.038093023749236385	111078.1099267536	994.504062874687
4.535	111.69196192690674	-0.038093023749236385	111078.1099267536	994.504062874687
4.54	111.45744064739787	-0.014146799117229651	109734.91243882444	984.5454175282675
4.545	111.45744064739787	-0.014146799117229651	109734.91243882444	984.5454175282675
4.55	111.56372066637284	-0.09510581667600175	108828.95551071982	975.4869670954124
4.555	111.56372066637284	-0.09510581667600175	108828.95551071982	975.4869670954124
4.5600000000000005	111.43171833632645	-0.008930508940710818	110042.20736683997	987.5303819214864
4.565	111.43171833632645	-0.008930508940710818	110042.20736683997	987.5303819214864
4.57	111.6269898238078	0.042093176212035274	108489.57158849789	971.8937307163615
4.575	111.6269898238078	0.042093176212035274	108489.57158849789	971.8937307163615
4.58	111.48600732771284	0.10080084015300918	111243.92345719281	997.8285717075828
4.585	111.48600732771284	0.10080084015300918	111243.92345719281	997.8285717075828
4.59	111.53553555219217	0.17947861700092413	110484.00548927454	990.572241772887
4.595	111.53553555219217	0.17947861700092413	110484.00548927454	990.572241772887
4.6000000000000005	111.37469028604474	0.10331551479200711	108906.47228644852	977.8386095327667
4.605	111.37469028604474	0.10331551479200711	108906.47228644852	977.8386095327667
4.61	111.24055187249252	0.003715641917481388	110004.14211412444	988.885260477804
4.615	111.24055187249252	0.003715641917481388	110004.14211412444	988.885260477804
4.62	111.0692359072481	0.17782272653675352	108456.89808342693	976.4800954784394
4.625	111.0692359072481	0.17782272653675352	108456.89808342693	976.4800954784394
4.63	111.20511155285661	0.13220729768591344	111060.27983576899	998.6976163679419
4.635	111.20511155285661	0.13220729768591344	111060.27983576899	998.6976163679419
4.64	110.98134605209152	-0.03717879803485672	109478.26954502029	986.4564941718608
4.6450000000000005	110.98134605209152	-0.03717879803485672	109478.26954502029	986.4564941718608
4.65	110.88585264125598	-0.058729577442144375	108281.85629541984	976.5164240179428
4.655	110.88585264125598	-0.058729577442144375	108281.85629541984	976.5164240179428
4.66	111.3110277439585	-0.1101443300256924	110385.29164536575	991.6833388626851
4.665	111.3110277439585	-0.1101443300256924	110385.29164536575	991.6833388626851
4.67	111.37298875028881	-0.035188912185406415	109595.03112661291	984.0360069023353
4.675	111.37298875028881	-0.035188912185406415	109595.03112661291	984.0360069023353
4.68	111.36020607821743	0.06935929076185146	110875.2299427983	995.6449781075432
4.6850000000000005	111.36020607821743	0.06935929076185146	110875.2299427983	995.6449781075432
4.69	111.48002293740073	0.05273463478511095	109986.69270171497	986.604503691892
4.695	111.48002293740073	0.05273463478511095	109986.69270171497	986.604503691892
4.7	111.57504022363796	0.04859247801477308	109124.00844911336	978.0324365591819
4.705	111.57504022363796	0.04859247801477308	109124.00844911336	978.0324365591819
4.71	111.48813776426842	-0.1474584412687897	110826.13765393969	994.0621475647171
4.715	111.48813776426842	-0.1474584412687897	110826.13765393969	994.0621475647171
4.72	111.63795535899024	-0.0787047272349579	109473.93287049727	980.6157101181744
4.7250000000000005	111.63795535899024	-0.0787047272349579	109473.93287049727	980.6157101181744
4.73	111.62697308310601	-0.0528397535516151	111126.35016692398	995.5152155222437
4.735	111.62697308310601	-0.0528397535516151	111126.35016692398	995.5152155222437
4.74	111.6969282668172	-0.05940681763137225	110096.67348547942	985.6732427098159
4.745	111.6969282668172	-0.05940681763137225	110096.67348547942	985.6732427098159
4.75	111.57976698032157	-0.10467925966134307	109139.85054002161	978.1329849816746
4.755	111.57976698032157	-0.10467925966134307	109139.85054002161	978.1329849816746
4.76	111.42826090753677	0.0260162479496478	110753.32421601351	993.9428589657041
4.765	111.42826090753677	0.0260162479496478	110753.32421601351	993.9428589657041
4.7700000000000005	111.29486073738119	0.07165559700808294	109222.48448958986	981.3794075120732
4.775	111.29486073738119	0.07165559700808294	109222.48448958986	981.3794075120732
4.78	111.25755661293296	-0.03180868247404119	110994.70769495922	997.6374735705531
4.785	111.25755661293296	-0.03180868247404119	110994.70769495922	997.6374735705531
4.79	110.9076150878016	-0.11171269226200829	109923.7125624427	991.1286296745269
4.795	110.9076150878016	-0.11171269226200829	109923.7125624427	991.1286296745269
4.8	110.9886028744397	0.007396265442584085	109799.7517608484	989.2885297877275
4.805	110.9886028744397	0.007396265442584085	109799.7517608484	989.2885297877275
4.8100000000000005	110.60199980583104	-0.12641526847363507	108706.51853912011	982.8621429084594
4.815	110.60199980583104	-0.12641526847363507	108706.51853912011	982.8621429084594
4.82	111.1562802186719	0.09478207976094401	107887.87541005839	970.5963099684179
4.825	111.1562802186719	0.09478207976094401	107887.87541005839	970.5963099684179
4.83	111.57162079475832	0.014397326544436642	110706.31733251552	992.2444125479312
4.835	111.57162079475832	0.014397326544436642	110706.31733251552	992.2444125479312
4.84	111.45178539793666	0.09838845195173028	109096.29376317534	978.8653754953223
4.845	111.45178539793666	0.09838845195173028	109096.29376317534	978.8653754953223
4.8500000000000005	111.30952468405007	0.08287843883720908	108827.61076136523	977.7025916719192
4.855	111.30952468405007	0.08287843883720908	108827.61076136523	977.7025916719192
4.86	111.56324408829481	-0.09734066305747316	109752.87789190013	983.7727361624418
4.865	111.56324408829481	-0.09734066305747316	109752.87789190013	983.7727361624418
4.87	111.6248762251687	-0.07181141300951778	108938.55368306838	975.9343738336471
4.875	111.6248762251687	-0.07181141300951778	108938.55368306838	975.9343738336471
4.88	111.74005968577765	-0.14312564466637656	111201.55548933496	995.1807418220733
4.885	111.74005968577765	-0.14312564466637656	111201.55548933496	995.1807418220733
4.89	111.65108396104863	-0.15282870039438792	109871.01666485702	984.0568740307741
4.8950000000000005	111.65108396104863	-0.15282870039438792	109871.01666485702	984.0568740307741
4.9	111.62025709526367	-0.04724880270743366	108499.40261454889	972.0404292022796
4.905	111.62025709526367	-0.04724880270743366	108499.40261454889	972.0404292022796
4.91	111.45870089487514	-0.07758049330958729	110501.68305925491	991.4137000706398
4.915	111.45870089487514	-0.07758049330958729	110501.68305925491	991.4137000706398
4.92	111.49530382183914	-0.020697709927915253	110033.62634676264	986.8902328172301
4.925	111.49530382183914	-0.020697709927915253	110033.62634676264	986.8902328172301
4.93	111.56189517812987	-0.038776849470895026	111054.86753581664	995.4551897715285
4.9350000000000005	111.56189517812987	-0.038776849470895026	111054.86753581664	995.4551897715285
4.94	111.39816516870441	0.01111757060874864	110100.35139341917	988.3497742236616
4.945	111.39816516870441	0.01111757060874864	110100.35139341917	988.3497742236616
4.95	111.26044292292843	0.14423277697658893	108330.75349636782	973.6681847600585
4.955	111.26044292292843	0.14423277697658893	108330.75349636782	973.6681847600585
4.96	111.25351604371406	-0.0988460804514005	110534.95279256949	993.5412086134678
4.965	111.25351604371406	-0.0988460804514005	110534.95279256949	993.5412086134678
4.97	111.33472116201625	-0.392816107957133	109479.01371002667	983.3321767673076
4.9750000000000005	111.33472116201625	-0.392816107957133	109479.01371002667	983.3321767673076
4.98	111.3959296267178	0.02472002455790545	110730.38362049709	994.025401031699
4.985	111.3959296267178	0.02472002455790545	110730.38362049709	994.025401031699
4.99	111.32603653321897	-0.01051480290089244	109724.98832746793	985.6183849204647
4.995	111.32603653321897	-0.01051480290089244	109724.98832746793	985.6183849204647
5.0	111.39482062403292	0.10758200913753985	108713.23069169883	975.9271578578623
